Time(s)	Ax(m/s^2)	Ay(m/s^2)	A_mag(m/s^2)
1.956	0.0000	0.0000	0.0000
2.006	0.0000	0.0000	0.0000
2.056	0.0000	0.0000	0.0000
2.106	0.0000	0.0000	0.0000
2.156	0.0000	0.0000	0.0000
2.206	0.0000	0.0000	0.0000
2.256	0.0000	0.0000	0.0000
2.306	0.1561	0.0192	0.1573
2.356	-1.2491	0.1088	1.2538
2.406	0.8005	-0.2698	0.8447
2.456	13.7029	0.6881	13.7201
2.506	14.0184	0.5674	14.0299
2.556	11.3814	0.5277	11.3936
2.606	8.2261	0.3731	8.2345
2.656	6.4544	0.0529	6.4546
2.706	5.7997	0.0865	5.8003
2.756	5.6286	0.0894	5.6293
2.806	5.3675	0.0554	5.3678
2.856	5.1456	0.0382	5.1457
2.906	4.9254	0.0145	4.9254
2.956	4.7404	0.0033	4.7404
3.006	4.6196	-0.0073	4.6196
3.056	4.5356	-0.0146	4.5356
3.106	4.4734	-0.0195	4.4735
3.156	4.4352	-0.0273	4.4353
3.206	2.9592	-0.0538	2.9597
3.256	-0.3576	-0.0868	0.3680
3.306	1.8054	-0.0751	1.8070
3.356	1.7443	-0.0568	1.7452
3.406	3.3079	-0.0503	3.3083
3.456	2.8790	-0.0308	2.8791
3.506	4.1089	-0.0380	4.1091
3.556	3.4512	-0.0233	3.4512
3.606	4.4847	-0.0370	4.4849
3.656	3.7264	-0.0173	3.7265
3.706	4.7732	-0.0364	4.7734
3.756	3.9136	-0.0450	3.9138
3.806	5.1011	-0.0476	5.1013
3.856	3.7370	-0.0170	3.7370
3.906	4.6778	-0.0489	4.6781
3.956	3.6727	-0.0602	3.6732
4.006	4.4577	-0.0646	4.4582
4.056	3.6842	-0.0476	3.6845
4.106	4.4251	-0.0661	4.4256
4.156	3.7101	-0.0601	3.7106
4.206	4.3997	-0.0711	4.4003
4.256	3.7086	-0.0638	3.7091
4.306	4.3538	-0.0741	4.3544
4.356	3.6924	-0.0679	3.6930
4.406	4.2947	-0.0763	4.2953
4.456	3.6718	-0.0705	3.6725
4.506	4.2328	-0.0771	4.2335
4.556	3.6546	-0.0716	3.6553
4.606	4.1738	-0.0767	4.1745
4.656	3.6535	-0.0722	3.6542
4.706	4.1334	-0.0757	4.1341
4.756	3.7087	-0.0717	3.7094
4.806	4.0942	-0.0737	4.0948
4.856	3.6263	-0.0700	3.6270
4.906	3.8805	-0.0700	3.8812
4.956	3.5033	-0.0668	3.5039
5.006	3.7130	-0.0661	3.7136
5.056	3.4374	-0.0633	3.4379
5.106	3.5635	-0.0619	3.5640
5.156	3.3835	-0.0594	3.3840
5.206	3.4166	-0.0576	3.4170
5.256	3.3167	-0.0555	3.3171
5.306	3.3023	-0.0535	3.3027
5.356	3.2507	-0.0515	3.2511
5.406	3.2241	-0.0541	3.2246
5.456	3.1919	-0.0448	3.1922
5.506	3.1654	-0.0482	3.1657
5.556	3.1392	-0.0400	3.1395
5.606	3.1146	-0.0389	3.1149
5.656	3.0908	-0.0380	3.0911
5.706	3.0676	-0.0369	3.0678
5.756	3.0447	-0.0356	3.0449
5.806	3.0224	-0.0341	3.0226
5.856	3.0003	-0.0322	3.0005
5.906	2.9784	-0.0306	2.9785
5.956	2.9568	-0.0290	2.9570
6.006	2.9354	-0.0277	2.9355
6.056	2.9141	-0.0263	2.9143
6.106	2.8931	-0.0245	2.8932
6.156	2.8721	-0.0232	2.8722
6.206	2.8514	-0.0223	2.8515
6.256	2.8309	-0.0210	2.8309
6.306	2.8104	-0.0211	2.8105
6.356	2.7901	-0.0185	2.7902
6.406	2.7701	-0.0178	2.7701
6.456	2.7501	-0.0170	2.7501
6.556	2.7204	-0.0163	2.7205
6.606	2.6910	-0.0141	2.6911
6.656	2.6717	-0.0140	2.6717
6.706	2.6523	-0.0130	2.6524
6.756	2.6333	-0.0129	2.6334
6.806	2.6144	-0.0124	2.6144
6.856	2.5955	-0.0121	2.5955
6.906	2.5768	-0.0114	2.5768
6.956	2.5582	-0.0110	2.5582
7.006	2.5398	-0.0107	2.5398
7.056	2.5216	-0.0102	2.5216
7.106	2.5034	-0.0099	2.5034
7.156	2.4854	-0.0097	2.4854
7.206	2.4675	-0.0094	2.4675
7.256	2.4497	-0.0092	2.4497
7.306	2.4320	-0.0088	2.4320
7.356	2.4146	-0.0087	2.4146
7.406	2.3972	-0.0083	2.3972
7.456	2.3799	-0.0083	2.3799
7.506	2.3628	-0.0082	2.3628
7.556	2.3458	-0.0079	2.3459
7.606	2.3289	-0.0081	2.3289
7.656	2.3121	-0.0076	2.3121
7.706	2.2955	-0.0076	2.2955
7.756	2.2791	-0.0076	2.2791
7.806	2.2626	-0.0073	2.2627
7.856	2.2463	-0.0073	2.2463
7.906	2.2302	-0.0075	2.2302
7.956	2.2142	-0.0072	2.2142
8.006	2.1983	-0.0072	2.1983
8.056	2.1825	-0.0071	2.1825
8.206	-1.2382	0.0041	1.2382
8.406	-6.7782	0.0213	6.7782
8.506	-8.0554	-0.0232	8.0555
8.556	-8.2181	-1.6463	8.3814
8.606	-8.2631	-2.3366	8.5871
8.656	-8.2882	-3.0509	8.8319
8.706	-8.2993	-3.6524	9.0674
8.756	-8.3006	-4.1213	9.2674
8.806	-8.2951	-4.4520	9.4143
8.856	-8.2844	-4.6497	9.5001
8.906	-8.7844	-6.9401	11.1951
8.956	-8.6474	-6.1418	10.6066
9.006	-8.4896	-5.4549	10.0911
9.056	-8.4059	-5.0645	9.8137
9.106	-8.2915	-4.5675	9.4663
9.156	-8.1807	-4.1376	9.1676
9.206	-8.0012	-3.5404	8.7495
9.256	-7.9297	-3.3222	8.5975
9.306	-7.8420	-3.0639	8.4193
9.356	-7.6288	-2.5422	8.0413
9.406	-7.5580	-2.3990	7.9296
9.456	-7.4433	-2.1715	7.7536
9.506	-7.1828	-1.6329	7.3661
9.556	-6.9638	-1.5368	7.1313
9.606	-6.5616	-0.9605	6.6315
9.656	-6.2942	-1.0440	6.3802
9.706	-5.1259	-1.0293	5.2282
9.756	-3.9349	-1.4273	4.1858
9.806	-2.8380	-1.9182	3.4254
9.856	-1.5486	-2.7030	3.1152
9.906	-0.7187	-3.0752	3.1580
9.956	0.0545	-3.5558	3.5562
10.006	0.3305	-3.9935	4.0072
10.056	0.8972	-4.0747	4.1723
10.106	0.8181	-4.5125	4.5861
10.156	1.1310	-4.5397	4.6784
10.206	0.2538	-4.4689	4.4761
10.256	-1.6374	-2.7978	3.2417
10.306	-3.6334	-1.7936	4.0519
10.356	-4.3390	-0.9628	4.4445
10.406	-4.8634	-0.9239	4.9504
10.456	-3.7328	-1.4025	3.9876
10.506	-3.1802	-2.1065	3.8146
10.556	-2.1687	-3.0115	3.7111
10.606	-1.4138	-3.3518	3.6377
10.656	-0.8962	-3.9733	4.0731
10.706	-0.6569	-4.2642	4.3145
10.756	-0.5966	-4.7875	4.8245
10.806	-0.9027	-4.2300	4.3253
10.856	-2.6844	-2.5932	3.7324
10.906	-3.9523	-0.8694	4.0468
10.956	-4.6997	-0.1067	4.7009
11.006	-4.9701	0.1951	4.9740
11.056	-4.3557	-0.7909	4.4269
11.106	-3.8148	-1.4863	4.0941
11.156	-2.9288	-2.5453	3.8803
11.206	-2.2912	-3.0426	3.8088
11.256	-1.6071	-3.5919	3.9350
11.306	-1.7969	-4.1191	4.4940
11.356	-1.3954	-4.4051	4.6209
11.406	-1.7797	-4.7385	5.0617
11.456	-1.5227	-4.8743	5.1066
11.506	-2.0163	-5.0963	5.4806
11.556	-2.2536	-5.2946	5.7542
11.606	-2.1936	-5.1326	5.5817
11.656	-2.6148	-5.3161	5.9243
11.706	-2.6086	-5.1118	5.7389
11.756	-3.1099	-5.2241	6.0797
11.806	-3.6130	-5.1301	6.2747
11.856	-3.3329	-4.9916	6.0021
11.906	-3.5533	-4.8020	5.9737
11.956	-3.4804	-4.7209	5.8651
12.006	-3.0249	-4.4169	5.3534
12.056	0.3590	-3.5489	3.5670
12.106	-1.8058	-3.9711	4.3624
12.156	-2.3322	-4.0439	4.6682
12.206	-2.9312	-4.0365	4.9885
12.256	-3.0999	-3.9940	5.0559
12.306	-2.8269	-3.8692	4.7919
12.356	-2.7649	-3.7951	4.6955
12.406	-2.5682	-3.7002	4.5041
12.456	-2.3021	-3.6051	4.2775
12.506	-2.1959	-3.5331	4.1599
12.556	-2.4541	-3.5049	4.2787
12.606	-2.9103	-3.4872	4.5421
12.656	-3.4668	-3.4608	4.8986
12.706	-4.0656	-3.4145	5.3092
12.756	-4.6744	-3.3435	5.7471
12.806	-5.2753	-3.2454	6.1937
12.856	-5.3666	-3.1508	6.2232
12.906	-8.9989	-2.5661	9.3577
12.956	-9.4774	-2.2971	9.7518
13.006	-9.2092	-2.1713	9.4617
13.056	-9.0140	-2.0155	9.2366
13.106	-8.9644	-1.8046	9.1443
13.156	-9.7282	-1.3281	9.8185
13.206	-10.0381	-0.9346	10.0815
13.256	-10.3933	-0.4883	10.4048
13.306	-10.7767	0.0066	10.7767
13.356	-5.5689	-1.6738	5.8150
13.406	-5.8487	-1.4195	6.0185
13.456	-6.9657	-0.8641	7.0191
13.506	-8.4821	0.0031	8.4821
13.556	-9.5497	0.8429	9.5868
13.606	-9.1240	0.8636	9.1648
13.656	-10.8323	2.2809	11.0698
13.706	-11.1133	2.8300	11.4680
13.756	-11.0598	3.1315	11.4946
13.806	-10.5847	3.9338	11.2920
13.856	-9.0831	6.5256	11.1841
13.906	-7.8152	9.1896	12.0634
13.956	-6.3525	10.4555	12.2340
14.006	-5.5717	11.6491	12.9130
14.056	-4.8663	12.4602	13.3767
14.106	-4.0704	12.8262	13.4566
14.156	-3.5038	13.2170	13.6736
14.206	-2.8794	13.3548	13.6617
14.256	-2.1626	13.2008	13.3768
14.306	-1.3510	12.7207	12.7923
14.356	0.8956	9.8747	9.9153
14.406	0.6777	10.4302	10.4522
14.456	0.9412	10.3471	10.3898
14.506	1.3637	9.9178	10.0112
14.556	1.8531	9.2629	9.4464
14.606	2.1413	8.8816	9.1361
14.656	2.6003	8.1042	8.5111
14.706	2.8190	7.6614	8.1635
14.756	3.3689	6.6164	7.4247
14.806	3.3731	5.9669	6.8544
14.856	3.5140	5.4298	6.4677
14.906	3.7911	5.1491	6.3942
14.956	3.0406	4.2302	5.2096
15.006	1.9501	3.3129	3.8442
15.056	0.5778	2.4691	2.5358
15.106	-0.5828	1.6490	1.7489
15.156	-1.5023	1.0730	1.8462
15.206	-2.2348	0.6375	2.3240
15.256	-2.7637	0.3307	2.7834
15.306	-3.1690	0.0982	3.1705
15.356	-3.4408	-0.0542	3.4413
15.406	-3.2930	-0.0404	3.2932
15.456	-1.3202	0.6689	1.4800
15.506	1.0506	1.5067	1.8368
15.556	2.3679	1.9571	3.0720
15.606	2.5488	1.9609	3.2158
15.656	1.6081	1.5440	2.2293
15.706	0.5506	1.0707	1.2040
15.756	-0.6122	0.5925	0.8519
15.806	-1.5213	0.2181	1.5368
15.856	-2.2006	-0.0529	2.2012
15.906	-2.7102	-0.2635	2.7230
15.956	-2.7310	-0.2885	2.7462
16.006	-2.0395	4.8273	5.2405
16.056	0.2019	9.7242	9.7263
16.156	3.2215	13.9984	14.3643
16.206	2.4370	11.2306	11.4920
16.256	0.9625	4.8587	4.9531
16.306	0.0250	6.1496	6.1496
16.356	-1.1983	-1.5207	1.9361
16.406	-1.2106	-6.1492	6.2672
16.456	-1.5180	-5.5545	5.7582
16.506	-2.0651	-4.6563	5.0936
16.556	-2.4946	-4.2556	4.9329
16.606	-3.0420	-2.7098	4.0739
16.656	-3.3145	-2.3192	4.0453
16.706	-2.7681	-1.9719	3.3987
16.756	-0.5256	-1.4468	1.5393
16.806	1.8420	-0.9710	2.0823
16.856	3.0455	-0.7289	3.1315
16.906	3.2447	-0.6559	3.3103
16.956	2.2355	-0.9211	2.4179
17.006	1.1419	-0.8339	1.4140
17.056	-0.1327	-0.9292	0.9387
17.106	-1.1903	-0.6830	1.3724
17.156	-2.0485	-0.2550	2.0643
17.206	-2.7082	0.2799	2.7226
17.256	-3.1517	3.3212	4.5786
17.306	-1.3414	3.9179	4.1411
17.356	1.1766	4.3689	4.5246
17.406	1.9295	4.5704	4.9610
17.456	1.2454	4.6804	4.8432
17.506	0.3100	4.8495	4.8594
17.556	-0.1461	8.6314	8.6327
17.606	-0.6430	9.5335	9.5551
17.856	-1.3155	8.8836	8.9805
18.006	2.3174	12.4813	12.6946
18.056	8.9692	15.8219	18.1873
18.106	12.2750	15.4880	19.7625
18.156	14.9882	14.0696	20.5572
18.206	14.8689	13.7232	20.2339
18.256	15.9463	12.8624	20.4872
18.306	16.2027	11.6353	19.9476
18.356	12.4553	10.6981	16.4190
18.406	11.8438	8.9011	14.8157
18.456	13.1680	5.2056	14.1596
18.506	12.2135	1.9673	12.3709
18.556	7.6267	-0.6262	7.6524
18.606	7.1554	-2.1875	7.4824
18.656	8.8644	-2.8373	9.3074
18.706	9.3255	-3.0025	9.7969
18.756	7.6260	-1.9571	7.8731
18.806	10.6326	-1.5014	10.7380
18.856	13.5411	-1.9045	13.6743
18.906	10.7011	-0.1796	10.7026
18.956	9.9952	0.2218	9.9977
19.006	2.2767	2.8218	3.6258
19.056	-4.1787	3.6157	5.5258
19.106	-3.5224	3.4293	4.9161
19.156	0.9806	3.2107	3.3571
19.206	3.9559	3.0076	4.9693
19.256	4.2808	2.2214	4.8228
19.306	4.7556	-0.6796	4.8039
19.356	4.3233	-2.7654	5.1321
19.406	3.2326	-3.7090	4.9200
19.456	0.8725	-3.3036	3.4168
19.506	1.4851	-2.3815	2.8067
19.556	2.6920	-1.5997	3.1314
19.606	3.2859	-0.4820	3.3210
19.656	2.9003	0.6066	2.9631
19.706	3.3834	1.2104	3.5934
19.756	2.9937	1.8638	3.5265
19.806	3.1169	1.8482	3.6237
19.856	1.8581	0.5310	1.9325
19.906	1.0337	-1.8005	2.0762
19.956	0.4183	-3.1070	3.1350
20.006	0.2963	-3.9579	3.9690
20.056	-0.2345	-3.7000	3.7074
20.106	0.2883	-2.6028	2.6187
20.156	-0.3728	-1.0525	1.1166
20.206	-0.0636	0.2283	0.2370
20.256	0.4956	1.1114	1.2169
20.306	0.1562	2.0528	2.0587
20.356	0.2650	2.6254	2.6387
20.406	0.1958	3.0759	3.0822
20.456	0.1229	3.4199	3.4221
20.506	-0.3507	2.9887	3.0092
20.556	-1.3221	0.6358	1.4670
20.606	-2.2362	-1.1702	2.5239
20.656	-1.1914	-2.6791	2.9320
20.706	-4.2924	-2.1312	4.7923
20.806	-4.3444	-0.5766	4.3825
20.856	-8.1402	1.3081	8.2447
20.906	-9.4960	1.8930	9.6828
20.956	-8.5594	2.4664	8.9077
21.006	-9.8189	2.4391	10.1173
21.056	-10.3335	2.4704	10.6246
21.106	-10.3540	2.2522	10.5961
21.156	-11.0507	1.7956	11.1957
21.206	-11.3113	1.1886	11.3736
21.256	-12.1336	0.3711	12.1392
21.306	-12.4434	-0.5491	12.4555
21.356	-12.3385	-0.9844	12.3777
21.406	-12.8915	-2.3895	13.1111
21.456	-14.9071	-5.7594	15.9810
21.506	-15.6762	-9.6546	18.4107
21.556	-15.2202	-12.6729	19.8055
21.606	-14.5228	-12.5962	19.2243
21.656	-13.5933	-12.8821	18.7277
21.706	-12.4145	-11.7717	17.1083
21.756	-11.2980	-11.5303	16.1428
21.806	-10.2282	-11.3001	15.2417
21.856	-9.0034	-9.5990	13.1607
21.906	-8.1695	-9.7078	12.6878
21.956	-7.3436	-9.5101	12.0154
22.006	-6.6312	-9.2136	11.3518
22.056	-5.8680	-7.2950	9.3622
22.106	-5.3933	-7.2675	9.0501
22.156	-4.9629	-6.9657	8.5528
22.206	-4.5718	-5.6789	7.2905
22.256	-4.3054	-6.0613	7.4348
22.456	-3.7925	-4.5088	5.8917
22.656	-3.3183	-3.9222	5.1375
22.706	-3.1786	-0.8588	3.2926
22.756	-3.1327	-1.8523	3.6393
22.806	-3.0736	-2.2376	3.8018
22.856	-2.2883	-2.4470	3.3502
22.906	0.6178	-2.4548	2.5314
22.956	3.6415	-2.2376	4.2740
23.006	5.7069	-1.9432	6.0287
23.056	5.9620	-1.7061	6.2013
23.106	4.1443	-1.5748	4.4334
23.156	1.8130	-1.4653	2.3311
23.206	1.0330	-6.6037	6.6840
23.256	1.7522	-11.1114	11.2487
23.306	0.6759	-9.9983	10.0211
23.356	-1.6400	-4.3579	4.6563
23.406	-2.7532	1.0159	2.9346
23.456	-2.9578	2.9883	4.2046
23.506	-3.1034	3.2634	4.5034
23.556	-3.1812	1.8096	3.6599
23.606	-3.0933	0.2179	3.1010
23.656	-3.2042	1.3642	3.4825
23.706	-2.7778	-1.7710	3.2944
23.756	-2.8258	-1.4089	3.1575
23.806	-2.9309	-0.7102	3.0157
23.856	-3.0013	-0.0808	3.0024
23.906	-2.9341	-0.4348	2.9661
23.956	-3.0489	0.7790	3.1468
24.006	-3.0238	0.7485	3.1150
24.056	-2.9903	0.6148	3.0529
24.106	-2.9560	0.4805	2.9948
24.156	-2.9241	0.3815	2.9489
24.206	-2.8954	0.3200	2.9130
24.256	-2.8694	0.2836	2.8834
24.306	-2.8449	0.2575	2.8565
24.356	-2.8209	0.2326	2.8305
24.406	-2.7971	0.2068	2.8047
24.456	-2.7748	0.1934	2.7815
24.506	-2.7481	0.1314	2.7513
24.556	-2.7245	0.0962	2.7262
24.606	-2.7010	0.0613	2.7017
24.656	-2.6778	0.0267	2.6779
24.706	-2.6548	-0.0082	2.6549
24.756	-2.6321	-0.0441	2.6325
24.806	-2.6093	-0.0808	2.6105
24.856	-2.5879	-0.1076	2.5901
24.906	-2.5628	-0.1711	2.5685
24.956	-2.5345	-0.2696	2.5488
25.006	-2.5016	-0.4110	2.5352
25.056	-2.4643	-0.5879	2.5335
25.106	-2.4179	-0.8398	2.5596
25.156	-2.3639	-1.1346	2.6221
25.206	-2.3542	6.5624	6.9719
25.256	-2.2832	7.4034	7.7475
25.356	-2.3619	6.5382	6.9517
25.406	-2.0854	-2.2435	3.0631
25.456	-1.5240	-5.0399	5.2653
25.506	-1.6436	-5.1037	5.3618
25.556	-1.3625	-6.8349	6.9694
25.606	-1.4769	-6.6780	6.8394
25.656	-1.5945	-6.0204	6.2280
25.706	-1.6762	-5.1562	5.4218
25.756	-1.6914	-4.5197	4.8258
25.806	-1.6814	-4.1359	4.4646
25.856	-1.6537	-3.9886	4.3179
25.906	-1.6075	-3.9765	4.2892
25.956	-1.5535	-3.9725	4.2654
26.006	-1.4764	-4.0354	4.2970
26.056	-1.4092	-4.0561	4.2939
26.106	-1.3581	-4.0364	4.2587
26.156	-1.3259	-3.9719	4.1873
26.206	-1.3218	-3.8273	4.0491
26.256	-1.3061	-3.7291	3.9512
26.306	-1.2925	-3.6277	3.8511
26.356	-1.2743	-3.5466	3.7686
26.406	-1.2485	-3.4966	3.7128
26.456	-1.2259	-3.4396	3.6515
26.506	-1.1919	-3.4227	3.6243
26.556	-1.1938	-3.2996	3.5090
26.606	-1.2086	-3.1445	3.3688
26.656	-1.0942	-3.3759	3.5487
26.706	-0.8780	-3.8697	3.9680
26.756	-0.5396	-4.6275	4.6588
26.806	-0.1365	-5.4571	5.4589
26.906	0.4080	-6.4235	6.4364
27.056	1.5507	-8.0751	8.2227
27.206	3.3908	-10.0523	10.6087
27.356	5.2508	-11.1836	12.3549
27.406	5.4308	-10.5419	11.8585
27.456	6.0416	-10.7167	12.3024
27.506	6.4562	-10.6603	12.4629
27.556	6.8713	-10.5750	12.6113
27.606	7.4469	-10.5925	12.9482
27.656	7.8453	-10.4431	13.0617
27.706	8.3787	-10.3635	13.3269
27.756	8.7256	-10.1498	13.3849
27.806	8.9380	-9.8481	13.2993
27.856	9.3015	-9.6286	13.3876
27.906	8.4252	-8.7587	12.1531
27.956	7.8659	-8.0897	11.2834
28.006	7.6299	-6.9711	10.3350
28.056	9.0916	-4.5171	10.1519
28.106	9.4735	-1.4526	9.5842
28.156	9.0389	0.9975	9.0938
28.206	9.0354	2.4832	9.3704
28.256	8.6990	3.6885	9.4487
28.306	8.7245	4.3402	9.7444
28.356	8.4564	4.9346	9.7909
28.406	8.1237	5.3932	9.7509
28.456	7.7491	5.7495	9.6491
28.506	7.3523	6.0265	9.5066
28.556	6.9522	6.2380	9.3405
28.606	6.5506	6.4014	9.1591
28.656	6.2111	6.4979	8.9890
28.706	5.9119	6.5488	8.8226
28.756	5.6551	6.5587	8.6601
28.806	5.4374	6.5386	8.5040
28.856	5.2476	6.4948	8.3498
28.906	5.0758	6.4364	8.1970
28.956	4.8910	6.3825	8.0411
29.006	4.7518	6.3034	7.8938
29.056	4.6043	6.2273	7.7446
29.106	4.4136	6.1732	7.5887
29.156	4.2037	6.1287	7.4318
29.206	3.9927	6.0843	7.2773
29.256	3.7949	6.0347	7.1287
29.306	3.6998	5.9362	6.9948
29.356	3.4090	5.9348	6.8442
29.406	3.3408	5.8258	6.7157
29.456	3.1599	5.7738	6.5819
29.506	3.0843	5.6720	6.4563
29.556	2.9761	5.5895	6.3324
29.606	2.8952	5.4940	6.2102
29.656	2.8178	5.4008	6.0917
29.706	2.7246	5.2683	5.9311
29.756	2.6005	5.0569	5.6864
29.806	2.4780	4.8726	5.4664
29.856	2.0544	4.1154	4.5997
29.906	1.4151	2.6855	3.0355
30.006	0.4451	0.7706	0.8899
30.056	-0.3709	-0.8431	0.9211
30.106	-0.6791	-1.6260	1.7621
30.156	-1.0132	-2.1704	2.3953
30.206	-1.1584	-2.6136	2.8588
30.256	-1.3087	-2.9099	3.1907
30.306	-0.9012	-2.9741	3.1076
30.356	0.1563	-1.7429	1.7499
30.406	1.7446	0.3888	1.7874
30.456	2.7508	1.6019	3.1832
30.506	3.4127	1.9080	3.9098
30.556	3.5766	1.5738	3.9075
30.606	3.0716	1.2601	3.3200
30.656	3.5707	-0.2295	3.5780
30.706	-0.6143	-0.0242	0.6148
30.756	1.0793	-1.7817	2.0830
30.806	2.0664	-2.7947	3.4757
30.856	2.6590	-3.5625	4.4454
30.906	3.2316	-3.9941	5.1377
30.956	3.6846	-4.0196	5.4528
31.006	4.5400	-2.0926	4.9990
31.056	5.2365	0.2886	5.2445
31.106	5.5540	1.9728	5.8939
31.156	5.8384	2.0360	6.1832
31.206	5.7556	1.4168	5.9274
31.256	5.0461	0.1789	5.0493
31.306	5.2784	-0.6976	5.3243
31.356	4.9661	-1.7442	5.2635
31.406	5.4568	-2.1395	5.8613
31.456	5.4052	-2.7102	6.0466
31.506	6.0198	-2.7411	6.6145
31.606	5.8761	-0.9233	5.9482
31.806	5.6273	4.1875	7.0143
32.006	4.9597	4.9231	6.9883
32.156	4.9252	0.9928	5.0243
32.206	4.1997	-0.7359	4.2637
32.256	5.5291	-0.5283	5.5542
32.306	5.7752	-0.4464	5.7924
32.356	6.0487	-0.5389	6.0726
32.406	6.1037	-0.4113	6.1175
32.456	6.5727	-0.1731	6.5750
32.506	9.4693	2.9405	9.9153
32.556	11.7590	6.6282	13.4984
32.606	12.2140	9.8093	15.6654
32.656	10.4133	5.9389	11.9878
32.706	5.1286	-1.5124	5.3469
32.756	-1.7314	-6.8437	7.0593
32.806	-5.2932	-8.0723	9.6530
32.856	-8.5271	-8.8447	12.2858
32.906	-5.9791	-8.1775	10.1302
32.956	-5.9357	-7.9566	9.9267
33.006	2.0587	-3.4216	3.9932
33.056	7.2258	1.6822	7.4191
33.106	8.9728	4.9380	10.2418
33.156	10.3364	8.6229	13.4609
33.206	10.7572	11.9818	16.1022
33.256	10.6368	10.6517	15.0533
33.306	9.0090	6.1978	10.9350
33.356	6.1513	1.2780	6.2826
33.406	3.7734	-1.4684	4.0491
33.456	3.5379	-1.3308	3.7799
33.506	4.3567	0.0651	4.3572
33.556	5.5405	2.3243	6.0083
33.606	5.8786	3.4377	6.8100
33.656	6.1268	4.5235	7.6158
33.706	6.1679	5.1783	8.0534
33.756	5.9844	5.1544	7.8982
33.806	5.8923	5.4321	8.0141
33.856	4.4770	1.7048	4.7906
33.906	5.2168	4.2344	6.7190
33.956	5.4635	5.8152	7.9791
34.006	5.4906	7.0170	8.9098
34.056	5.3874	7.9485	9.6022
34.106	4.5454	8.9780	10.0631
34.156	1.6551	10.5998	10.7282
34.206	-1.0647	11.5143	11.5634
34.256	-2.8722	8.4301	8.9060
34.306	-4.2118	12.4826	13.1740
34.356	-5.0142	10.0569	11.2376
34.406	-5.7269	10.3873	11.8614
34.456	-6.6109	11.5354	13.2955
34.506	-7.0345	10.6442	12.7587
34.556	-7.7940	11.1921	13.6385
34.606	-7.9706	9.9973	12.7858
34.656	-9.7019	12.0847	15.4973
34.756	-13.3471	13.4607	18.9561
34.806	-15.8254	12.8165	20.3644
34.856	-16.7872	12.1139	20.7016
34.906	-17.0516	10.6805	20.1204
34.956	-15.0575	11.3217	18.8390
35.006	-7.8104	9.0515	11.9554
35.056	-2.4965	6.4957	6.9590
35.106	0.8647	3.8617	3.9573
35.156	2.5423	2.4787	3.5506
35.206	3.3074	1.5994	3.6738
35.256	3.4167	1.5613	3.7565
35.306	3.2409	1.8161	3.7151
35.356	3.0619	2.1583	3.7461
35.406	2.8784	2.4477	3.7784
35.456	2.7813	2.6388	3.8339
35.506	3.0282	2.4668	3.9057
35.556	2.4649	1.9631	3.1511
35.606	0.5406	0.0026	0.5406
35.656	-0.7678	-1.5782	1.7550
35.706	-1.6164	-2.4707	2.9525
35.756	-2.0710	-3.1859	3.7999
35.806	-2.0292	-3.0921	3.6985
35.856	-1.0827	-2.3161	2.5567
35.906	-0.2394	-1.3715	1.3923
35.956	0.7550	-0.5039	0.9077
36.006	1.5555	0.1462	1.5624
36.056	2.1689	0.6181	2.2552
36.106	2.6382	0.9636	2.8087
36.156	2.9961	1.1793	3.2199
36.206	3.2774	1.3182	3.5325
36.406	3.6672	1.4481	3.9427
36.606	4.5455	0.4205	4.5649
36.806	4.2558	0.2793	4.2649
36.856	3.0368	1.6416	3.4521
36.906	3.4401	1.0778	3.6050
36.956	3.8173	0.4074	3.8390
37.006	3.7108	0.5171	3.7467
37.056	6.0624	-4.0087	7.2679
37.106	6.8948	-6.4313	9.4287
37.156	6.9573	-7.2032	10.0145
37.206	6.8709	-7.5392	10.2004
37.256	6.7703	-8.0709	10.5345
37.306	6.8308	-12.3699	14.1306
37.356	6.3307	-14.2640	15.6058
37.406	5.8269	-14.4672	15.5965
37.456	4.2282	-17.8245	18.3191
37.506	3.0714	-18.7715	19.0211
37.556	2.0290	-19.0898	19.1974
37.606	2.7044	-15.5087	15.7428
37.656	1.7381	-15.8722	15.9671
37.706	2.3177	-7.4653	7.8168
37.756	-0.5034	0.9746	1.0969
37.806	-4.4828	5.5621	7.1437
37.856	-7.9788	10.0361	12.8213
37.906	-9.8837	12.6312	16.0386
37.956	-7.6462	8.7806	11.6431
38.006	-3.6252	-0.5928	3.6733
38.056	-1.9579	-6.5097	6.7978
38.106	-1.6484	-9.7228	9.8615
38.156	-2.3680	-13.1980	13.4088
38.206	-3.8881	-15.8460	16.3161
38.256	-2.2469	-14.8692	15.0380
38.306	0.9649	-9.6476	9.6958
38.356	2.4409	-2.8060	3.7191
38.406	-0.0335	0.6080	0.6089
38.456	-3.2380	0.0685	3.2387
38.506	-5.9422	-2.1838	6.3307
38.556	-7.1868	-3.3984	7.9498
38.606	-7.4601	-2.0545	7.7378
38.656	-8.6813	-4.0099	9.5626
38.706	-8.7148	-3.3642	9.3416
38.756	-8.4905	-2.6200	8.8856
38.806	-7.5668	-0.8923	7.6192
38.856	-6.7316	1.5804	6.9147
38.906	-6.7087	0.6523	6.7403
38.956	-6.6126	0.6725	6.6467
39.006	-6.7191	0.4221	6.7323
39.056	-6.6210	0.4551	6.6366
39.106	-6.5027	0.6339	6.5335
39.156	-6.2538	0.8521	6.3115
39.206	-6.1169	1.0085	6.1995
39.256	-103.6570	53.1122	116.4718
39.306	-8.9309	5.1899	10.3293
39.356	-12.9813	5.3474	14.0395
39.456	2.1521	-1.7483	2.7727
39.506	2.0388	-2.7352	3.4115
39.556	2.4003	-3.8509	4.5377
39.606	1.5179	-4.2302	4.4943
39.656	-0.3172	-4.5417	4.5528
39.706	0.6044	-4.2806	4.3231
39.756	0.8262	-3.3978	3.4968
39.806	0.8077	-3.9227	4.0050
39.856	0.7848	-4.6465	4.7123
39.906	0.0859	-3.9721	3.9730
39.956	0.2857	-4.5338	4.5428
40.006	2.3807	-4.3672	4.9740
40.056	3.2792	-4.5685	5.6236
40.106	3.7195	-4.2113	5.6187
40.156	3.7136	-4.2643	5.6546
40.206	3.8074	-4.0551	5.5624
40.256	3.7280	-4.0611	5.5128
40.306	5.9438	-2.7864	6.5645
40.356	4.6565	-2.9640	5.5198
40.406	3.8490	-3.1714	4.9873
40.456	3.6294	-3.1366	4.7970
40.506	3.5657	-3.0451	4.6890
40.556	3.3940	-2.5247	4.2300
40.606	0.9474	0.1502	0.9592
40.656	1.1943	0.1752	1.2070
40.706	2.2547	-1.2708	2.5882
40.756	2.0469	-1.1837	2.3646
40.806	3.0018	-2.3164	3.7917
40.856	2.5932	-2.0708	3.3186
40.906	4.1482	-3.7585	5.5976
40.956	2.4876	-2.0639	3.2323
41.056	3.6526	-3.2296	4.8756
41.356	3.1784	-2.4204	3.9951
41.556	3.2287	-2.6239	4.1605
41.606	2.4709	-3.7122	4.4593
41.656	2.4969	-2.7526	3.7163
41.706	3.1234	-3.0344	4.3547
41.756	2.7512	-2.4872	3.7088
41.806	3.1920	-2.8856	4.3030
41.856	2.7538	-2.4548	3.6891
41.906	3.0907	-2.8915	4.2324
41.956	2.6294	-2.5437	3.6585
42.006	2.9239	-2.9655	4.1645
42.056	2.5089	-2.6633	3.6589
42.106	2.7728	-3.0642	4.1325
42.156	2.4261	-2.8252	3.7239
42.206	2.5814	-3.1185	4.0483
42.256	2.1959	-2.8567	3.6032
42.306	2.3010	-3.0922	3.8543
42.356	2.0046	-2.8838	3.5120
42.406	2.0627	-3.0889	3.7143
42.456	1.8412	-2.9476	3.4754
42.506	1.8913	-3.0364	3.5773
42.556	1.7702	-2.9294	3.4227
42.606	1.8182	-2.9097	3.4311
42.656	1.7930	-2.8176	3.3397
42.706	1.8066	-2.7802	3.3156
42.756	1.7962	-2.7278	3.2661
42.806	1.7962	-2.6917	3.2360
42.856	1.7722	-2.6713	3.2057
42.906	1.7800	-2.6292	3.1750
42.956	1.7791	-2.5963	3.1474
43.006	1.7797	-2.5636	3.1208
43.056	1.7773	-2.5340	3.0952
43.106	1.7760	-2.5044	3.0702
43.156	1.7546	-2.4926	3.0483
43.206	1.7782	-2.4430	3.0216
43.256	1.6090	-2.5560	3.0202
43.306	1.2127	-2.8517	3.0988
43.356	0.7000	-3.2264	3.3015
43.406	0.1291	-3.6258	3.6281
43.456	-0.4643	-4.0178	4.0446
43.506	-1.0640	-4.3872	4.5143
43.556	-1.6636	-4.7265	5.0107
43.606	-4.4159	-6.1800	7.5955
43.656	-4.4716	-6.1151	7.5756
43.706	-4.5598	-6.0486	7.5748
43.756	-4.7079	-5.9853	7.6150
43.806	-5.2945	-6.0811	8.0630
43.856	-5.8056	-6.1035	8.4236
43.906	-6.3707	-6.1045	8.8233
43.956	-6.6557	-5.9814	8.9485
44.006	-7.3985	-5.9637	9.5028
44.056	-8.0558	-5.8702	9.9677
44.106	-8.7197	-5.7328	10.4354
44.156	-9.3176	-5.5375	10.8389
44.206	-9.9136	-5.3034	11.2430
44.256	-10.4475	-5.0182	11.5902
44.306	-10.9430	-4.6933	11.9070
44.356	-11.3918	-4.3286	12.1865
44.406	-11.8303	-3.9297	12.4659
44.456	-12.2129	-3.4941	12.7029
44.506	-12.5661	-3.0328	12.9269
44.556	-12.9030	-2.5398	13.1506
44.606	-13.1691	-2.0253	13.3239
44.656	-3.2708	-1.8447	3.7552
44.706	-0.3649	1.0394	1.1016
44.756	-3.8119	3.9318	5.4763
44.806	3.0342	6.4512	7.1291
44.856	8.5049	8.0308	11.6973
44.906	2.3708	5.2457	5.7566
44.956	-5.8195	3.0475	6.5691
45.006	-9.8150	3.4966	10.4193
45.056	-12.7451	6.4962	14.3052
45.106	-14.5249	9.3196	17.2577
45.156	-14.2173	10.0097	17.3875
45.206	-12.5085	9.1046	15.4712
45.256	-7.9629	5.8774	9.8970
45.306	-5.4019	3.5423	6.4597
45.356	-6.2063	3.0789	6.9280
45.406	-6.9928	5.2708	8.7567
45.456	-7.0011	7.9200	10.5708
45.506	-6.6967	9.9236	11.9718
45.556	-5.8395	10.6494	12.1453
45.606	-4.8150	10.8350	11.8567
45.656	-3.5686	10.5870	11.1722
45.706	-2.4456	10.2168	10.5054
45.756	-1.3766	9.7352	9.8321
45.806	-0.5065	9.2765	9.2903
45.856	1.1481	8.1961	8.2761
45.906	0.8380	8.3592	8.4011
45.956	1.0725	8.2340	8.3036
46.006	1.1924	7.5590	7.6525
46.056	1.6691	7.1444	7.3368
46.106	1.8333	6.7451	6.9899
46.156	2.4636	6.4556	6.9097
46.206	2.0582	5.6173	5.9825
46.256	3.0223	6.1441	6.8472
46.306	2.3026	5.2201	5.7054
46.356	3.2736	5.7881	6.6497
46.406	2.4542	4.7952	5.3868
46.456	3.4276	5.4289	6.4204
46.506	2.5183	4.4084	5.0769
46.556	3.5329	5.1819	6.2716
46.606	15.2029	18.8655	24.2288
46.656	16.7939	20.5973	26.5760
46.706	16.8929	20.8349	26.8228
46.756	-3.4156	-3.2148	4.6906
46.806	-3.5405	-3.9028	5.2694
46.856	-3.6499	-4.0547	5.4554
46.906	-3.5185	-3.9321	5.2764
46.956	-3.5431	-3.9436	5.3014
47.006	-3.3119	-3.6752	4.9474
47.056	-3.2051	-3.5487	4.7818
47.106	-3.1160	-3.4551	4.6526
47.156	-3.0549	-3.3937	4.5661
47.206	-3.0150	-3.3437	4.5023
47.256	-2.9770	-3.3023	4.4461
47.306	-2.4354	-2.7127	3.6455
47.356	-0.3015	-0.1617	0.3421
47.406	-0.5698	-0.6116	0.8359
47.456	-1.7671	-1.8473	2.5564
47.506	-1.5730	-1.7259	2.3352
47.556	-2.5562	-2.7410	3.7480
47.606	-2.1847	-2.4044	3.2487
47.656	-2.9954	-3.2397	4.4123
47.706	-3.9897	-4.3992	5.9389
47.756	-4.6232	-5.0943	6.8794
47.806	-2.1318	-2.3227	3.1527
47.856	-2.4256	-2.5826	3.5431
47.906	-2.5011	-2.7137	3.6904
47.956	-2.6202	-2.8205	3.8497
48.006	-2.1786	-2.3301	3.1899
48.056	-0.6086	-0.5528	0.8221
48.106	0.8533	1.0746	1.3722
48.156	1.8261	2.1797	2.8435
48.206	2.3513	2.7736	3.6362
48.256	2.5808	3.0028	3.9595
48.306	2.6482	3.0492	4.0386
48.356	1.8254	2.1428	2.8149
48.406	0.7726	0.9389	1.2159
48.456	-0.0495	0.0326	0.0593
48.506	-0.7547	-0.7781	1.0840
48.556	-1.3557	-1.4363	1.9751
48.606	-1.8104	-1.9721	2.6771
48.656	-2.1664	-2.3540	3.1992
48.706	-2.5554	-2.8033	3.7932
48.756	-2.1329	-2.3230	3.1536
48.806	-0.5962	-0.6293	0.8668
48.856	0.8224	0.9644	1.2675
48.906	1.7886	2.0204	2.6984
48.956	2.2977	2.6037	3.4726
49.006	2.6600	3.0025	4.0113
49.056	2.6545	2.9875	3.9965
49.106	1.6762	1.8981	2.5323
49.156	0.6689	0.7674	1.0180
49.206	-0.1095	-0.0974	0.1466
49.256	-0.8099	-0.8802	1.1961
49.306	-1.4004	-1.5482	2.0876
49.356	-1.8800	-2.0605	2.7893
49.406	-2.2265	-2.4620	3.3194
49.456	-1.9882	-2.1803	2.9507
49.506	-0.5617	-0.6157	0.8334
49.556	0.6596	0.7489	0.9980
49.606	1.6308	1.8176	2.4419
49.656	2.1562	2.4167	3.2388
49.706	2.5263	2.8196	3.7858
49.756	2.7832	3.0935	4.1612
49.806	2.7117	3.0056	4.0481
49.856	1.8357	2.0579	2.7577
49.906	0.7947	0.8795	1.1854
49.956	-0.0172	-0.0010	0.0172
50.006	-0.8495	-0.9421	1.2686
50.056	-1.4361	-1.5769	2.1328
50.106	-1.8959	-2.1050	2.8329
50.156	-2.2727	-2.5062	3.3832
50.206	-2.5370	-2.8176	3.7915
50.256	-2.7402	-3.0255	4.0819
50.306	-2.3412	-2.6008	3.4993
50.356	-0.8127	-0.8888	1.2043
50.406	0.6196	0.6821	0.9215
50.456	1.4746	1.6482	2.2116
50.506	2.0444	2.2603	3.0477
50.556	2.4176	2.6909	3.6174
50.606	2.4474	2.7054	3.6481
50.656	1.6282	1.8167	2.4396
50.706	0.5976	0.6563	0.8876
50.756	-0.2123	-0.2260	0.3101
50.806	-0.9192	-1.0233	1.3755
50.856	-1.5247	-1.6814	2.2697
50.906	-1.9393	-2.1443	2.8912
50.956	-2.3097	-2.5594	3.4475
51.006	-2.0706	-2.3007	3.0952
51.056	-0.6589	-0.7365	0.9882
51.156	-4.1938	5.2272	6.7016
51.206	-6.0277	8.8470	10.7053
51.256	-6.4876	10.5280	12.3664
51.306	-6.1535	12.9717	14.3572
51.356	-5.8816	8.3361	10.2021
51.406	-5.2591	1.7257	5.5350
51.456	-4.0181	-2.5974	4.7845
51.506	-2.9675	-4.7648	5.6133
51.556	-3.7761	-2.0044	4.2751
51.606	-1.4674	-6.6769	6.8363
51.656	0.8702	-9.2524	9.2932
51.706	0.9000	-8.4933	8.5408
51.756	-0.4155	-6.6591	6.6721
51.806	-1.3214	-5.4178	5.5766
51.856	-1.9684	-4.8067	5.1942
51.906	-2.2516	-4.3398	4.8891
51.956	-2.3776	-4.1792	4.8082
52.006	-2.3499	-4.0719	4.7013
52.056	-2.3019	-4.1087	4.7096
52.106	-2.1471	-3.9815	4.5235
52.156	-2.0364	-4.1082	4.5852
52.206	-2.0193	-4.1864	4.6479
52.256	-1.9930	-4.2253	4.6717
52.306	-1.9211	-4.2020	4.6203
52.356	-1.8402	-4.1484	4.5383
52.406	-1.7385	-4.0320	4.3908
52.456	-1.6859	-3.9729	4.3158
52.506	-1.6619	-3.9043	4.2433
52.756	-1.3403	-3.8661	4.0918
52.856	-2.2569	-2.6377	3.4715
53.006	-1.6220	-3.0527	3.4568
53.206	-1.1965	-3.2505	3.4637
53.256	-1.7735	-2.6054	3.1518
53.306	-1.7120	-2.6187	3.1287
53.356	-1.6964	-2.5997	3.1042
53.406	-1.6736	-2.5868	3.0810
53.456	-1.6484	-2.5749	3.0574
53.506	-1.6312	-2.5568	3.0328
53.556	-1.6249	-2.5299	3.0068
53.606	-1.6281	-2.4957	2.9797
53.656	-1.6370	-2.4569	2.9523
53.706	-1.6496	-2.4156	2.9251
53.756	-1.6622	-2.3749	2.8988
53.806	-1.6733	-2.3359	2.8734
53.856	-1.6818	-2.2997	2.8491
53.906	-1.6880	-2.2660	2.8256
53.956	-1.6915	-2.2350	2.8029
54.006	-1.6934	-2.2058	2.7809
54.056	-1.6943	-2.1778	2.7592
54.106	-1.6939	-2.1511	2.7379
54.156	-1.6933	-2.1249	2.7171
54.206	-1.6916	-2.0999	2.6965
54.256	-1.6897	-2.0754	2.6763
54.306	-1.6872	-2.0517	2.6563
54.356	-1.6840	-2.0287	2.6365
54.406	-1.6801	-2.0066	2.6171
54.456	-1.6757	-1.9852	2.5979
54.506	-1.2085	-1.4552	1.8915
54.556	-1.8568	3.1909	3.6918
54.606	-1.7984	7.8406	8.0442
54.656	1.3633	7.4382	7.5621
54.706	3.8890	6.3345	7.4331
54.756	5.5919	5.6082	7.9197
54.806	6.5028	5.3627	8.4288
54.856	6.8779	5.3625	8.7213
54.906	6.6325	5.0932	8.3625
54.956	6.0821	4.6430	7.6518
55.006	5.9249	4.6214	7.5141
55.056	5.7808	4.5822	7.3766
55.106	5.6472	4.5372	7.2441
55.156	5.5095	4.4967	7.1115
55.206	5.3594	4.4668	6.9768
55.256	5.1974	4.4473	6.8404
55.306	5.0280	4.4343	6.7040
55.356	4.7987	4.4762	6.5623
55.406	3.6484	5.3790	6.4996
55.456	3.0057	5.8593	6.5852
55.506	2.5521	6.1804	6.6866
55.556	2.2288	6.4032	6.7801
55.606	2.0017	6.4816	6.7836
55.656	1.8884	6.2564	6.5351
55.706	1.8861	6.0622	6.3488
55.756	1.2914	5.4411	5.5922
55.806	0.2992	4.4604	4.4705
55.856	-0.8356	3.3947	3.4960
55.906	-1.7430	2.5787	3.1125
55.956	-2.6589	1.8116	3.2174
56.006	-3.2086	1.4241	3.5104
56.056	-3.6838	0.8759	3.7865
56.106	-3.9141	0.6302	3.9645
56.156	-4.1832	0.3424	4.1972
56.206	-4.2177	0.1722	4.2212
56.256	-3.6699	0.3324	3.6849
56.306	-1.2634	1.5350	1.9881
56.356	0.4578	2.3589	2.4029
56.406	1.6947	2.8500	3.3158
56.456	2.0782	2.7847	3.4747
56.506	2.0763	2.4630	3.2214
56.556	1.5632	1.8312	2.4076
56.606	0.7174	0.9764	1.2116
56.656	-0.3076	0.0617	0.3137
56.706	-0.9854	-0.7195	1.2201
56.756	-1.4989	-1.3895	2.0439
56.806	-1.7705	-2.0296	2.6933
56.856	-3.4291	-0.0430	3.4294
56.906	-2.4483	-1.5963	2.9228
56.956	-0.4492	-1.0836	1.1731
57.006	1.9695	-0.2953	1.9915
57.056	2.9617	0.7076	3.0450
57.106	4.0025	-0.5280	4.0371
57.156	5.6523	-3.8333	6.8295
57.206	7.8451	-6.9183	10.4599
57.256	9.7482	-8.6980	13.0645
57.306	11.8631	-9.7001	15.3240
57.356	14.0992	-9.6784	17.1014
57.406	9.6023	-9.2566	13.3375
57.456	3.6494	-6.7578	7.6803
57.506	7.3835	-7.7852	10.7297
57.556	8.9907	-7.5755	11.7568
57.606	1.2064	-5.3316	5.4664
57.656	5.1968	-5.1760	7.3347
57.706	11.8991	-3.2689	12.3399
57.756	13.1612	0.1786	13.1624
57.806	5.2657	2.2725	5.7352
57.856	7.7641	2.9638	8.3106
57.906	12.6773	1.9842	12.8316
57.956	14.9782	2.2268	15.1428
58.006	15.8669	2.2785	16.0297
58.056	8.7195	-0.7325	8.7502
58.106	-1.2212	-3.1601	3.3878
58.156	-7.5229	-2.1831	7.8332
58.206	-10.0246	-1.2730	10.1051
58.256	-12.5415	0.4266	12.5488
58.306	-13.0099	0.7322	13.0305
58.356	-7.6425	-2.2101	7.9557
58.406	-1.3797	-3.6115	3.8661
58.456	1.9819	-4.4131	4.8377
58.506	1.8479	-4.0114	4.4165
58.556	-0.1926	-2.9051	2.9115
58.606	-1.6492	0.1117	1.6530
58.656	-1.8577	2.7009	3.2781
58.706	-1.5478	4.5103	4.7685
58.756	-0.7766	5.2270	5.2843
58.806	-0.4385	5.8362	5.8527
58.856	1.1885	5.0489	5.1869
58.906	0.5547	3.4821	3.5260
58.956	-0.1443	1.5971	1.6036
59.006	0.7477	-0.0079	0.7477
59.056	0.5404	-1.0946	1.2207
59.106	0.1209	-1.8595	1.8635
59.156	-0.2028	-2.4390	2.4474
59.206	-0.0051	-2.2638	2.2638
59.256	-5.1259	1.7018	5.4010
59.306	-7.7425	6.0752	9.8415
59.356	-8.7652	9.9376	13.2508
59.406	-8.6957	12.8522	15.5175
59.456	-8.1415	15.5087	17.5158
59.506	-6.1489	17.0947	18.1670
59.556	-4.2118	18.5502	19.0224
59.606	-2.0654	17.7626	17.8823
59.656	2.1646	20.3641	20.4789
59.706	-3.5598	14.1116	14.5537
59.756	-7.6998	7.9789	11.0883
59.806	-5.1032	-2.8903	5.8648
59.856	0.6229	-5.9814	6.0137
59.906	3.0227	-8.6132	9.1282
59.956	3.6898	-8.8752	9.6117
60.006	4.3528	-8.3730	9.4369
60.056	4.8239	-8.5412	9.8093
60.106	6.2895	-8.8202	10.8330
60.156	7.9576	-9.3767	12.2982
60.206	10.5364	-7.7697	13.0914
60.256	11.8567	-6.9705	13.7539
60.306	10.4347	-6.2501	12.1634
60.356	5.0525	-5.9225	7.7848
60.406	0.7265	-5.6728	5.7192
60.456	-1.4986	-4.8218	5.0493
60.506	-1.4892	-4.7026	4.9328
60.556	1.5608	-4.6572	4.9118
60.606	6.7419	-5.0956	8.4510
60.706	12.4118	-3.4151	12.8731
60.756	14.3650	-1.7112	14.4666
60.806	10.9354	-2.5190	11.2218
60.856	7.3713	-3.1907	8.0323
60.906	9.1505	-2.3001	9.4352
60.956	3.6295	-3.9741	5.3820
61.006	1.3194	-4.5024	4.6917
61.056	3.9944	-3.1122	5.0637
61.106	2.0837	-3.7964	4.3306
61.156	3.0632	-3.2526	4.4680
61.206	4.2468	-2.9358	5.1628
61.256	4.9095	-2.5472	5.5309
61.306	5.6429	-2.2766	6.0848
61.356	5.9300	-1.9830	6.2528
61.406	6.5057	-1.6740	6.7176
61.456	6.5658	-1.3632	6.7059
61.506	7.0737	-1.0392	7.1497
61.556	7.1209	-0.6719	7.1526
61.606	7.4366	-0.3420	7.4445
61.656	7.4333	0.0667	7.4336
61.706	7.7418	0.4510	7.7550
61.756	7.6937	0.8771	7.7435
61.806	7.9889	1.3097	8.0956
61.856	7.9765	1.7650	8.1695
61.906	8.1400	2.1940	8.4305
61.956	8.0860	2.5953	8.4923
62.006	8.1337	3.0008	8.6696
62.056	8.2282	3.6016	8.9819
62.106	8.1836	3.9931	9.1059
62.156	8.1169	4.4086	9.2369
62.206	8.1721	5.0676	9.6158
62.406	7.7635	5.9549	9.7843
62.706	6.6341	7.4979	10.0115
62.806	4.2663	3.8976	5.7787
62.856	-0.3593	-6.6540	6.6637
62.906	-1.6048	-8.5411	8.6905
62.956	-0.0064	-6.8992	6.8992
63.006	1.6584	-4.1688	4.4865
63.056	2.8710	-1.2058	3.1140
63.106	3.4550	0.8449	3.5568
63.156	3.6738	1.6973	4.0469
63.206	3.6505	1.5218	3.9550
63.256	3.3145	2.8352	4.3616
63.306	0.3252	2.7543	2.7734
63.356	-2.7341	3.2372	4.2373
63.406	-4.8898	3.5069	6.0174
63.456	-6.0081	3.5767	6.9921
63.506	-6.6760	3.6177	7.5932
63.556	-7.0739	3.6447	7.9576
63.606	-7.2987	3.6410	8.1565
63.656	-7.4153	3.5931	8.2400
63.706	-7.5079	3.3667	8.2282
63.756	-7.4490	3.4243	8.1984
63.806	-7.4417	3.2119	8.1052
63.856	-9.2767	-3.2642	9.8343
63.906	-10.0343	-7.8761	12.7562
63.956	-10.6618	-10.8884	15.2391
64.006	-12.0699	-12.4128	17.3136
64.056	-9.2298	-11.7729	14.9596
64.106	-1.4657	-6.1491	6.3213
64.156	4.3289	1.4304	4.5591
64.206	5.6473	5.1420	7.6376
64.256	6.3429	8.0046	10.2130
64.306	6.3967	6.7906	9.3290
64.356	6.4700	6.8132	9.3957
64.406	3.8255	-0.7741	3.9030
64.456	1.7594	-4.2284	4.5799
64.506	2.0294	-3.5434	4.0834
64.556	2.9984	-1.7682	3.4809
64.606	2.9266	-1.8364	3.4550
64.656	4.4656	1.6378	4.7565
64.706	4.4682	1.8558	4.8383
64.756	4.2923	1.5635	4.5682
64.806	4.0912	1.1531	4.2506
64.856	3.9124	0.8154	3.9965
64.906	3.7886	0.6180	3.8387
64.956	3.7111	0.5408	3.7503
65.006	3.6821	0.5835	3.7280
65.056	3.6348	0.5720	3.6795
65.106	3.5950	0.5758	3.6409
65.156	3.5543	0.5716	3.6000
65.206	3.5135	0.5621	3.5582
65.256	3.4719	0.5460	3.5146
65.306	3.4292	0.5225	3.4687
65.356	3.3856	0.4927	3.4213
65.406	3.3413	0.4568	3.3724
65.456	3.2959	0.4140	3.3218
65.506	3.2497	0.3650	3.2701
65.556	3.2019	0.3077	3.2166
65.606	3.1525	0.2416	3.1617
65.656	3.1368	0.2817	3.1495
65.706	3.0141	-0.0280	3.0142
65.756	2.8645	-0.4176	2.8948
65.806	2.7719	-0.6300	2.8426
65.856	2.7040	-0.7690	2.8112
65.906	2.6497	-0.8683	2.7883
65.956	2.6032	-0.9446	2.7693
66.006	2.5592	-1.0133	2.7525
66.056	2.5207	-1.0655	2.7367
66.106	2.4868	-1.1040	2.7208
66.156	2.4489	-1.1541	2.7072
66.206	2.4334	-1.1389	2.6867
66.256	2.4113	-1.1429	2.6684
66.306	2.3935	-1.1348	2.6489
66.356	2.3574	-1.1800	2.6363
66.406	2.3203	-1.2289	2.6257
66.456	2.2870	-1.2664	2.6142
66.506	2.2526	-1.3071	2.6044
66.556	2.2144	-1.3584	2.5979
66.606	2.1730	-1.4179	2.5947
66.656	2.4190	-0.6508	2.5050
66.706	2.3602	-0.7707	2.4828
66.756	2.3814	-0.6522	2.4691
66.806	2.4218	-0.4754	2.4681
66.856	2.4744	-0.2585	2.4879
66.906	2.5360	-0.0089	2.5361
66.956	2.6056	0.2738	2.6200
67.006	2.6838	0.5964	2.7492
67.056	2.7706	0.9658	2.9341
67.106	2.8671	1.3952	3.1886
67.156	2.9740	1.9016	3.5299
67.206	3.1377	7.2604	7.9094
67.256	0.3999	12.9085	12.9147
67.306	-3.0909	16.8676	17.1484
67.356	-4.7160	16.8536	17.5010
67.406	-4.7361	13.5885	14.3902
67.456	-3.7814	7.3833	8.2953
67.506	-3.1302	1.6953	3.5598
67.556	-2.4753	-1.7641	3.0396
67.606	-1.9317	-4.6580	5.0427
67.656	-1.1049	-6.4233	6.5177
67.706	-0.3536	-7.1091	7.1178
67.756	0.2488	-6.7734	6.7780
67.806	0.6868	-5.9407	5.9803
67.856	0.9620	-5.1508	5.2399
67.956	0.8179	-5.7048	5.7632
68.006	1.6253	-2.9375	3.3572
68.056	1.5659	-3.2966	3.6496
68.106	1.5414	-3.3805	3.7154
68.156	1.8353	-2.3822	3.0072
68.206	0.7497	-3.4217	3.5029
68.256	-1.8932	-2.4244	3.0760
68.306	-4.2450	-1.3072	4.4417
68.356	-5.6158	-0.4099	5.6307
68.406	-6.4496	0.3293	6.4580
68.456	-6.9498	0.9124	7.0094
68.506	-7.2407	1.3447	7.3645
68.556	-7.3976	1.6428	7.5778
68.606	-7.4996	1.7308	7.6967
68.656	-7.4621	1.9814	7.7206
68.706	-7.4340	2.0214	7.7039
68.756	-7.3786	2.0215	7.6505
68.806	-7.2999	2.0087	7.5712
68.856	-7.2028	1.9947	7.4739
68.906	-7.0702	2.0484	7.3609
68.956	-6.9800	1.9527	7.2480
69.006	-6.8533	1.9501	7.1254
69.056	-6.7240	1.9474	7.0003
69.106	-6.5953	1.9389	6.8744
69.156	-6.4682	1.9250	6.7485
69.206	-6.3489	1.8905	6.6244
69.256	-6.2200	1.8867	6.4999
69.306	-6.1016	1.8568	6.3779
69.356	-5.9836	1.8289	6.2569
69.406	-5.8686	1.8011	6.1388
69.456	-5.7514	1.7738	6.0187
69.506	-5.6458	1.7581	5.9133
69.556	-5.4348	1.6918	5.6920
69.756	-4.7475	1.4971	4.9780
69.906	-3.6720	1.1339	3.8431
70.106	0.2099	-0.1882	0.2820
70.156	2.2529	-0.9413	2.4417
70.206	2.6834	-1.1577	2.9225
70.256	3.0350	-1.2152	3.2693
70.306	3.2346	-1.3593	3.5086
70.356	3.4106	-1.3643	3.6733
70.406	3.5029	-1.4080	3.7753
70.456	3.5559	-1.4680	3.8470
70.506	3.5704	-1.5319	3.8852
70.556	3.6120	-1.4965	3.9097
70.606	2.8735	-1.2809	3.1460
70.656	0.3543	-0.2998	0.4641
70.706	-1.5854	0.3523	1.6241
70.756	-2.7031	0.8315	2.8281
70.806	-3.3012	0.9842	3.4448
70.856	-3.1200	0.9907	3.2735
70.906	-2.2808	0.6043	2.3595
70.956	-1.0840	0.2527	1.1130
71.006	0.1125	-0.2525	0.2765
71.056	1.0991	-0.5375	1.2234
71.106	1.8116	-0.8234	1.9900
71.156	2.3606	-1.0195	2.5714
71.206	2.7306	-1.2121	2.9875
71.256	2.7127	-1.1352	2.9406
71.306	1.2485	-0.6257	1.3965
71.356	-1.0771	0.3311	1.1269
71.406	-2.5266	0.7215	2.6276
71.456	-2.8880	0.6485	2.9599
71.506	-2.5641	0.1073	2.5663
71.556	-1.8307	0.0132	1.8308
71.606	-1.0769	-1.3623	1.7365
71.656	-0.0474	-1.9703	1.9709
71.706	0.5942	-2.5672	2.6350
71.756	-0.1500	-5.3954	5.3975
71.806	0.4616	-5.0445	5.0656
71.856	0.7867	-4.6648	4.7307
71.906	-3.0091	-7.3944	7.9832
71.956	-6.6447	-7.3489	9.9075
72.006	-4.6775	-2.4222	5.2675
72.056	-2.3046	0.8341	2.4509
72.106	-0.7331	2.2955	2.4097
72.156	0.3400	1.8528	1.8838
72.206	0.8556	0.5314	1.0072
72.256	-0.5475	-3.3572	3.4015
72.306	0.4229	-3.1429	3.1712
72.356	0.6852	-3.6641	3.7276
72.406	2.7096	-0.8288	2.8336
72.456	-1.1205	-4.1112	4.2612
72.506	-1.9413	-4.7809	5.1600
72.556	-0.8432	-4.5279	4.6058
72.606	-0.9171	-5.1386	5.2198
72.656	2.1304	-2.4762	3.2665
72.706	-1.5286	-6.4369	6.6159
72.756	-5.1570	-9.2145	10.5594
72.806	-8.9014	-10.4409	13.7203
72.906	-13.7985	-10.0176	17.0514
72.956	-17.3780	-8.2915	19.2547
73.006	-18.6372	-7.0149	19.9137
73.056	-15.8975	-7.3768	17.5256
73.106	-12.1620	-7.1944	14.1306
73.156	-13.6527	-6.0275	14.9241
73.206	-7.3021	-5.7317	9.2830
73.256	-5.3859	-5.0567	7.3877
73.306	-11.1893	-4.1401	11.9307
73.356	-10.5196	-3.6348	11.1298
73.406	-10.3315	-3.1097	10.7893
73.456	-9.5069	-2.8261	9.9180
73.506	-9.6424	-2.3521	9.9251
73.556	-4.5324	-3.2443	5.5739
73.606	-5.6359	-2.7905	6.2889
73.656	-8.2241	-1.8348	8.4263
73.706	-7.8645	-1.6885	8.0437
73.756	-10.2329	-0.3660	10.2394
73.806	-10.6333	0.1928	10.6351
73.856	-10.4897	0.4562	10.4996
73.906	-10.2097	0.6336	10.2293
73.956	-9.1213	0.2954	9.1261
74.006	-9.6600	0.9959	9.7112
74.056	-9.4075	1.1913	9.4826
74.106	-5.0629	-1.2599	5.2173
74.156	-8.8435	1.4437	8.9606
74.206	-8.3474	1.3725	8.4595
74.256	-8.0375	1.4302	8.1638
74.306	-8.3516	2.0055	8.5890
74.356	-7.9848	1.9728	8.2249
74.556	-7.7895	2.5195	8.1868
74.806	-7.8100	4.0508	8.7981
74.906	-7.4842	4.9705	8.9843
74.956	-7.1223	5.0256	8.7169
75.006	-6.9531	5.1825	8.6720
75.056	-7.0365	5.8727	9.1652
75.106	-6.8122	5.9469	9.0428
75.156	-6.8214	6.5944	9.4878
75.206	-6.5773	6.6334	9.3415
75.256	-6.5240	7.2368	9.7434
75.306	-6.2644	7.2410	9.5747
75.356	-6.0971	7.5694	9.7196
75.406	-5.9052	7.8539	9.8263
75.456	-5.7036	8.1540	9.9508
75.506	-5.4832	8.4198	10.0478
75.556	-5.2259	8.5007	9.9786
75.606	-4.9920	8.7852	10.1044
75.656	-4.7413	9.0235	10.1933
75.706	-4.1918	6.2917	7.5602
75.756	-3.6074	9.3739	10.0441
75.806	-0.4835	7.1411	7.1574
75.856	2.6960	7.5272	7.9954
75.906	5.0377	7.4548	8.9973
75.956	6.3831	6.8087	9.3329
76.006	7.2444	6.2535	9.5701
76.056	7.8295	5.4605	9.5456
76.106	8.1928	4.8381	9.5147
76.156	7.7510	4.1044	8.7707
76.206	5.5914	3.3967	6.5423
76.256	2.9748	2.7126	4.0258
76.306	1.0475	2.1362	2.3792
76.356	-0.2929	1.6909	1.7160
76.406	-1.1823	1.3712	1.8105
76.456	-1.0254	1.1938	1.5738
76.506	1.4196	1.1768	1.8439
76.556	4.1043	1.1749	4.2692
76.606	5.9750	1.1583	6.0862
76.656	6.8662	1.1148	6.9561
76.706	7.3805	1.0949	7.4613
76.756	6.9456	0.9633	7.0121
76.806	4.7106	0.8357	4.7841
76.856	2.1065	0.6977	2.2190
76.906	0.2799	0.5892	0.6523
76.956	-0.9413	0.5099	1.0705
77.006	-1.7148	0.4608	1.7757
77.056	-2.2316	0.4364	2.2739
77.106	-2.5471	0.4280	2.5828
77.156	-2.7649	0.4275	2.7978
77.206	-2.1430	0.4497	2.1897
77.256	0.6468	0.5149	0.8267
77.306	3.5571	0.5731	3.6030
77.356	5.5342	0.5752	5.5640
77.406	6.4637	0.5661	6.4884
77.456	7.6296	-6.0751	9.7528
77.506	9.6560	-10.2111	14.0537
77.556	11.2533	-12.6495	16.9307
77.606	11.4273	-14.4139	18.3941
77.656	6.7426	-12.2564	13.9887
77.706	0.0956	-3.4331	3.4344
77.756	-2.4401	4.5662	5.1773
77.806	-2.6943	8.1174	8.5529
77.856	-2.3866	10.9848	11.2410
77.906	-3.2574	8.7160	9.3047
77.956	-3.8685	3.6776	5.3376
78.006	-3.5732	-0.5139	3.6099
78.056	-3.2575	-2.1725	3.9155
78.106	-3.2868	-1.3049	3.5364
78.156	-3.5266	0.3614	3.5451
78.206	-3.6437	1.7753	4.0532
78.256	-3.5930	1.2291	3.7974
78.306	-3.6449	3.0666	4.7633
78.356	-3.6116	2.7491	4.5388
78.406	-3.5268	2.1178	4.1138
78.456	-3.4851	1.5840	3.8282
78.506	-3.4069	1.3289	3.6569
78.556	-3.3751	1.2966	3.6155
78.606	-3.3253	1.4908	3.6442
78.656	-3.2898	1.5485	3.6360
78.706	-3.2481	1.6056	3.6233
78.756	-3.2119	1.6337	3.6035
78.806	-3.1760	1.6307	3.5702
78.856	-3.1425	1.6056	3.5289
78.906	-3.1101	1.5736	3.4855
78.956	-3.0789	1.5413	3.4431
79.006	-3.0484	1.5162	3.4047
79.056	-3.0186	1.4989	3.3702
79.106	-2.9895	1.4823	3.3368
79.156	-2.9608	1.4700	3.3057
79.206	-2.9330	1.4545	3.2739
79.256	-2.9033	1.4869	3.2619
79.306	-2.8810	1.3867	3.1974
79.356	-2.8546	1.3753	3.1687
79.406	-2.8287	1.3672	3.1417
79.456	-2.8032	1.3570	3.1144
79.506	-2.7780	1.3511	3.0892
79.556	-2.7534	1.3419	3.0630
79.606	-2.7291	1.3320	3.0368
79.656	-2.7055	1.3209	3.0108
79.706	-2.6830	1.2989	2.9809
79.756	-2.6620	1.2634	2.9466
79.806	-2.6421	1.2210	2.9106
79.856	-2.6231	1.1733	2.8735
79.906	-2.6045	1.1261	2.8375
79.956	-2.5867	1.0765	2.8017
80.006	-2.5692	1.0279	2.7672
80.056	-2.5523	0.9787	2.7335
80.106	-2.5356	0.9320	2.7015
80.156	-2.5197	0.8824	2.6697
80.206	-2.5054	0.8188	2.6358
80.256	-2.4921	0.7479	2.6019
80.306	-2.4796	0.6727	2.5693
80.356	-2.4632	0.6522	2.5481
80.406	-2.4580	0.4939	2.5072
80.456	-2.4470	0.4134	2.4816
80.506	-2.4362	0.3307	2.4585
80.556	-2.4261	0.2436	2.4383
80.606	-2.4157	0.1585	2.4209
80.656	-2.4051	0.0772	2.4063
80.706	-2.3938	0.0022	2.3938
80.756	-2.3821	-0.0655	2.3830
80.806	-2.3696	-0.1236	2.3728
80.856	-2.3560	-0.1705	2.3622
80.906	-2.3420	-0.2104	2.3514
80.956	-2.3259	-0.2231	2.3366
81.006	-2.3092	-0.2254	2.3202
81.056	-2.2912	-0.2083	2.3006
81.106	-2.2716	-0.1689	2.2779
81.156	-2.2505	-0.1068	2.2530
81.206	-2.2276	-0.0175	2.2277
81.256	-2.2012	0.1152	2.2042
81.306	-2.1707	0.2962	2.1908
81.356	-2.1351	0.5278	2.1994
81.406	-2.0927	0.8180	2.2469
81.456	-2.0409	1.1737	2.3543
81.506	-1.9786	1.5858	2.5357
81.556	-1.9023	2.0626	2.8059
81.606	-1.8068	2.6129	3.1768
81.656	-1.6837	3.2561	3.6657
81.706	-1.6181	3.4937	3.8502
81.756	-1.3214	4.8257	5.0034
81.806	0.8416	9.4860	9.5233
81.856	5.7348	13.2116	14.4025
81.906	10.2648	14.8161	18.0245
81.956	10.3809	13.2825	16.8579
82.006	7.8884	9.8325	12.6057
82.056	4.5076	3.9089	5.9664
82.106	2.3449	0.4041	2.3795
82.156	0.7137	-3.3916	3.4659
82.206	-0.6894	-5.7446	5.7858
82.256	-1.9909	-7.2093	7.4791
82.356	-2.9069	-10.5537	10.9467
82.406	-2.6529	-4.7412	5.4329
82.456	-2.1772	-2.4694	3.2922
82.506	-2.2152	-2.4863	3.3300
82.556	-2.4144	-2.7447	3.6555
82.606	-2.5835	-3.0672	4.0103
82.656	-2.6197	-3.2707	4.1905
82.706	-2.5671	-3.3671	4.2341
82.756	-2.4965	-3.3146	4.1495
82.806	-2.4430	-3.0988	3.9460
82.856	-2.4112	-2.9821	3.8349
82.906	-2.3437	-2.1354	3.1707
82.956	-2.2760	-1.5705	2.7652
83.006	-2.2056	-1.0683	2.4507
83.056	-2.1476	-0.6860	2.2545
83.106	-2.1071	-0.4305	2.1507
83.156	-2.0793	-0.2785	2.0979
83.206	-2.0575	-0.1986	2.0670
83.256	-2.0374	-0.1584	2.0436
83.306	-2.0178	-0.1293	2.0219
83.356	-1.9983	-0.0931	2.0005
83.406	-1.9785	-0.0420	1.9789
83.456	-1.9582	0.0205	1.9583
83.506	-1.9377	0.0863	1.9396
83.556	-1.9177	0.1468	1.9233
83.606	-1.8991	0.1936	1.9089
83.656	-1.8821	0.2247	1.8954
83.706	-1.8670	0.2394	1.8822
83.756	-1.8531	0.2403	1.8687
83.806	-1.8404	0.2330	1.8551
83.956	-1.8124	0.2458	1.8290
84.106	-0.4256	0.1024	0.4377
84.256	7.1719	3.0735	7.8027
84.456	9.8974	0.6877	9.9212
84.506	9.8867	-4.4623	10.8471
84.556	9.9950	-3.6170	10.6293
84.606	10.0256	-2.2975	10.2855
84.656	10.0687	-1.0551	10.1238
84.706	10.1168	-0.0969	10.1172
84.756	10.1036	0.3869	10.1110
84.806	10.0139	0.5662	10.0299
84.856	9.8811	0.6482	9.9023
84.906	9.6566	0.2904	9.6610
84.956	9.5819	0.7446	9.6108
85.006	8.6454	-5.9116	10.4732
85.056	9.1870	-10.7967	14.1764
85.106	10.5773	-13.8601	17.4351
85.156	12.3610	-15.5993	19.9031
85.206	11.9987	-14.7537	19.0168
85.256	12.0941	-14.2964	18.7258
85.306	9.2317	-8.5299	12.5692
85.356	6.0383	1.3151	6.1799
85.406	6.2730	5.9198	8.6252
85.456	6.7724	8.9306	11.2080
85.506	7.6037	11.7904	14.0296
85.556	7.9214	13.7655	15.8820
85.606	4.4100	8.9101	9.9418
85.656	1.2993	4.0332	4.2373
85.706	-0.0232	-0.3927	0.3933
85.756	-1.5408	-1.2737	1.9991
85.806	-1.6126	-1.0863	1.9443
85.856	-2.6740	0.2202	2.6831
85.906	-2.4987	0.8521	2.6400
85.956	-3.3331	1.6400	3.7148
86.006	-2.9601	1.9250	3.5309
86.056	-2.8476	2.2698	3.6415
86.106	0.1996	1.6768	1.6886
86.156	1.6475	1.5634	2.2712
86.206	3.4006	1.0945	3.5724
86.256	3.0483	1.2221	3.2842
86.306	3.1125	0.9816	3.2636
86.356	1.8352	1.2173	2.2022
86.406	1.1107	1.1227	1.5793
86.456	-0.6356	1.5033	1.6321
86.506	-0.9986	1.4718	1.7786
86.556	-2.2227	1.7658	2.8387
86.606	-2.1738	1.6940	2.7559
86.656	-3.0591	1.9379	3.6213
86.706	-2.0592	1.6396	2.6323
86.756	-0.1739	1.3247	1.3361
86.806	2.2590	0.6747	2.3576
86.856	2.8527	0.6399	2.9236
86.906	3.7558	0.2910	3.7671
86.956	2.8290	0.5518	2.8823
87.006	2.7948	0.3683	2.8190
87.056	1.0139	0.8321	1.3116
87.106	0.2711	0.8598	0.9015
87.156	0.3588	5.6305	5.6419
87.256	3.0101	10.7489	11.1624
87.306	5.7171	13.5084	14.6684
87.356	3.0335	11.4110	11.8073
87.406	-1.1112	5.8239	5.9290
87.456	-3.6880	1.4458	3.9613
87.506	-2.7078	-3.3892	4.3381
87.556	0.4328	-2.6839	2.7186
87.606	0.9633	-6.2800	6.3534
87.656	0.1262	-8.5384	8.5393
87.706	-0.0208	-6.7926	6.7926
87.756	-1.4547	-6.1990	6.3674
87.806	-1.5808	-3.9651	4.2686
87.856	-3.0193	-3.6208	4.7145
87.906	-2.9281	-3.0315	4.2147
87.956	-4.0403	-3.1733	5.1375
88.006	-3.7212	-3.0360	4.8026
88.056	-4.0781	-3.5095	5.3803
88.106	-1.4396	-3.9119	4.1684
88.156	0.4626	-4.7767	4.7991
88.206	2.4454	-4.8396	5.4223
88.256	2.0552	-5.2183	5.6084
88.306	2.2868	0.1866	2.2944
88.356	0.2130	-2.2875	2.2974
88.406	-0.5242	-3.2578	3.2997
88.456	-2.0399	-4.2883	4.7487
88.506	-2.1461	-4.3405	4.8421
88.556	-3.1165	-5.0199	5.9086
88.606	-2.8884	-4.7719	5.5780
88.656	-3.5727	-5.0765	6.2077
88.706	-1.7917	-8.7430	8.9247
88.756	-0.3076	-3.8771	3.8893
88.906	3.3985	-4.0554	5.2911
89.156	3.2484	-4.1424	5.2642
89.356	-0.6110	-5.1078	5.1442
89.406	-1.3235	-4.9711	5.1443
89.456	-1.7626	-5.6912	5.9579
89.506	-0.9322	-5.3451	5.4258
89.556	1.0485	-5.3722	5.4735
89.606	4.0751	-4.0792	5.7659
89.656	5.4672	-4.3322	6.9756
89.706	6.2750	-3.8234	7.3481
89.756	5.5019	-5.0599	7.4749
89.806	4.9083	-4.9419	6.9652
89.856	4.1195	-6.3765	7.5914
89.906	3.6666	-6.1839	7.1892
89.956	3.6335	-7.5320	8.3626
90.006	3.5020	-7.0538	7.8753
90.056	3.5826	-7.9577	8.7270
90.106	4.3162	-7.7951	8.9103
90.156	5.0319	-8.6857	10.0380
90.206	5.4619	-8.2502	9.8943
90.256	6.3687	-8.6636	10.7526
90.306	7.5725	-8.2763	11.2178
90.356	6.3210	-7.6915	9.9556
90.406	8.0834	-7.4378	10.9846
90.456	12.2060	-7.3478	14.2470
90.506	15.8520	-6.0002	16.9496
90.556	16.6163	-5.0039	17.3534
90.606	16.1326	-4.4042	16.7229
90.656	16.7106	-3.2502	17.0237
90.706	15.1696	-3.0153	15.4663
90.756	15.3204	-1.9936	15.4496
90.806	15.6222	-0.8190	15.6437
90.856	15.2531	0.0062	15.2531
90.906	15.3895	1.1826	15.4348
90.956	13.9691	1.1960	14.0202
91.006	14.0995	2.3202	14.2892
91.056	13.5760	2.9078	13.8839
91.106	13.5289	3.9327	14.0889
91.156	11.6413	3.0123	12.0247
91.206	11.0626	3.2835	11.5396
91.256	10.4608	3.4433	11.0129
91.306	9.4159	3.0185	9.8879
91.356	8.9676	3.1456	9.5033
91.406	8.3797	3.0263	8.9094
91.456	7.5955	2.5793	8.0215
91.506	7.2097	2.5301	7.6407
91.556	6.7871	2.3707	7.1892
91.606	6.6816	2.5785	7.1619
91.656	5.1679	2.0390	5.5556
91.706	2.7569	3.7260	4.6350
91.756	0.5905	5.0912	5.1253
91.806	-0.8073	5.7575	5.8138
91.856	-1.7791	6.0441	6.3005
91.906	-2.4786	6.0861	6.5715
91.956	-2.9954	5.9711	6.6802
92.006	-3.3838	5.7633	6.6832
92.056	-3.6754	5.5069	6.6208
92.106	-3.8935	5.2334	6.5228
92.156	-4.0500	4.9614	6.4045
92.206	-4.1626	4.7064	6.2831
92.256	-4.2177	4.4558	6.1354
92.306	-4.1991	4.1814	5.9259
92.356	-4.2033	3.9376	5.7595
92.406	-4.0296	3.6697	5.4502
92.456	-3.4581	3.1004	4.6445
92.506	-2.1854	2.2108	3.1086
92.556	-1.0300	1.2791	1.6423
92.606	0.1404	0.5247	0.5432
92.656	1.0202	-0.1829	1.0365
92.706	1.7286	-0.5982	1.8292
92.756	2.2270	-1.0227	2.4506
92.806	2.6284	-1.2273	2.9008
92.856	2.8794	-1.4706	3.2332
92.906	2.4614	-1.1512	2.7173
92.956	0.3565	0.1147	0.3745
93.006	-1.2672	1.2091	1.7515
93.056	-2.2884	1.7673	2.8914
93.106	-2.9676	2.2216	3.7070
93.156	-2.8987	2.1183	3.5902
93.206	-1.8685	1.5073	2.4006
93.256	-0.8630	0.7584	1.1489
93.306	0.2629	0.1059	0.2834
93.356	1.0919	-0.5146	1.2071
93.406	1.7768	-0.8779	1.9819
93.456	2.2391	-1.2522	2.5655
93.506	2.6230	-1.4275	2.9863
93.556	2.8500	-1.6414	3.2889
93.606	2.4160	-1.3136	2.7500
93.656	0.2759	-0.0519	0.2807
93.706	-1.3831	0.9842	1.6976
93.756	-2.4801	1.4479	2.8719
93.806	-2.6735	1.4794	3.0555
93.856	-1.9141	0.7558	2.0579
93.906	-0.9801	0.0949	0.9847
93.956	-0.0290	-0.7288	0.7293
94.006	0.7764	-1.3022	1.5161
94.056	1.2829	-1.8431	2.2456
94.106	1.7218	-2.2021	2.7954
94.156	1.6611	-2.3782	2.9009
94.206	0.5290	-1.6875	1.7685
94.256	-1.6316	-0.3913	1.6778
94.306	-2.8477	0.4031	2.8761
94.356	-3.2051	0.4776	3.2405
94.406	-2.3636	-0.1031	2.3659
94.456	-1.5805	-0.7628	1.7549
94.506	-0.5229	-1.5063	1.5945
94.556	0.1158	-2.1320	2.1351
94.606	0.7173	-2.6087	2.7056
94.656	0.9988	-3.0141	3.1753
94.706	0.6075	-3.0151	3.0757
94.756	-1.2328	-1.5033	1.9442
94.806	-2.6125	-0.3364	2.6340
94.856	-5.0338	-1.0029	5.1327
94.906	-2.9637	1.1927	3.1947
94.956	-2.6804	0.1499	2.6846
95.006	-1.7910	-0.7106	1.9269
95.056	-2.6304	-3.0843	4.0536
95.106	0.4406	-1.5836	1.6438
95.156	0.3473	-2.5924	2.6156
95.206	0.6697	-3.1213	3.1923
95.256	0.4187	-3.7987	3.8218
95.306	0.1743	-3.4500	3.4544
95.356	-1.5899	-1.6506	2.2918
95.406	-4.6513	-1.6725	4.9429
95.456	-2.9538	1.3125	3.2323
95.506	-3.4173	1.0016	3.5611
95.556	-2.9610	0.2284	2.9698
95.606	-4.0733	-2.0714	4.5698
95.656	-0.6171	-0.9561	1.1379
95.706	-0.4895	-2.1877	2.2418
95.756	-0.3382	-2.8625	2.8824
95.806	-2.1839	-4.7913	5.2655
95.856	0.8939	-3.1157	3.2414
95.906	-0.0038	-3.2284	3.2284
95.956	-1.5700	-1.2314	1.9953
96.006	-5.0021	-1.0421	5.1095
96.056	-2.8452	1.6784	3.3033
96.106	-3.3957	1.4153	3.6788
96.156	-5.2130	-0.5033	5.2373
96.206	2.9299	3.1760	4.3210
96.256	7.0596	6.0030	9.2668
96.306	9.0480	8.1248	12.1605
96.356	10.0512	10.2697	14.3699
96.406	10.1228	9.9009	14.1598
96.456	6.8785	2.4598	7.3051
96.506	0.1982	-5.1725	5.1763
96.556	-2.9350	-7.6031	8.1499
96.606	-5.5110	-8.4364	10.0769
96.656	-8.4541	-9.2367	12.5216
96.706	-11.5266	-9.3394	14.8354
96.756	-9.7476	-8.9835	13.2559
96.806	-3.7978	-7.1579	8.1030
96.856	-9.1316	-8.0227	12.1552
96.956	-15.6985	-6.5021	16.9918
97.006	-14.2457	-5.9275	15.4297
97.056	-7.7810	-6.1059	9.8906
97.106	-2.4690	-5.1021	5.6681
97.156	1.2351	-3.8863	4.0778
97.206	3.1001	-2.9501	4.2795
97.256	3.3619	-2.8301	4.3945
97.306	2.4193	-3.0831	3.9190
97.356	0.8108	-3.4836	3.5767
97.406	-0.7765	-3.7085	3.7890
97.456	-5.0920	-4.0343	6.4965
97.506	-5.8904	-3.9162	7.0734
97.556	-6.3977	-3.8056	7.4440
97.606	-6.9325	-3.6685	7.8433
97.656	-7.5649	-3.4757	8.3251
97.706	-11.7911	-2.2939	12.0122
97.756	-13.1141	-1.5393	13.2041
97.806	-13.0160	-1.2105	13.0721
97.856	-16.0834	1.1582	16.1251
97.906	-17.4019	2.9816	17.6555
97.956	-18.5980	5.5979	19.4222
98.006	-18.9181	7.6217	20.3957
98.056	-18.7715	9.3265	20.9607
98.106	-18.3744	11.0550	21.4437
98.156	-17.4632	11.3803	20.8440
98.206	-15.1124	8.7799	17.4778
98.256	-14.4887	9.8317	17.5095
98.306	-12.7888	8.7526	15.4972
98.356	-12.5546	10.5441	16.3950
98.406	-11.8317	11.4741	16.4816
98.456	-9.4682	7.7561	12.2394
98.506	-9.6457	10.2256	14.0571
98.706	-7.8653	10.4055	13.0437
98.856	-5.8968	10.8041	12.3085
99.056	-4.3433	9.8954	10.8066
99.106	-3.6024	4.6848	5.9097
99.156	-3.2150	1.6617	3.6191
99.206	-3.3050	4.2524	5.3857
99.256	-3.1681	5.0468	5.9588
99.306	-2.9784	5.6967	6.4283
99.356	-2.8149	5.8628	6.5035
99.406	-2.7056	5.7142	6.3224
99.456	-2.6448	5.3314	5.9513
99.506	-2.6150	4.7910	5.4582
99.556	-2.6071	4.1172	4.8732
99.606	-2.5933	3.5459	4.3930
99.656	-2.5690	3.1617	4.0739
99.706	-2.4981	3.2675	4.1131
99.756	-2.4314	3.3461	4.1362
99.806	-2.3198	3.7113	4.3767
99.856	-2.1869	4.1361	4.6787
99.906	-2.0399	4.5694	5.0040
99.956	-1.8832	4.9880	5.3317
100.006	-1.7198	5.3786	5.6469
100.056	-0.0354	9.8309	9.8309
100.106	-0.8278	7.6805	7.7250
100.156	-1.8754	3.9643	4.3855
100.206	-2.2712	1.7114	2.8439
100.256	-2.2729	1.5304	2.7401
100.306	-2.0016	2.7629	3.4118
100.356	-1.6137	4.0109	4.3233
100.406	-1.2154	4.9882	5.1341
100.456	-0.8160	5.8309	5.8877
100.506	-0.5931	6.1944	6.2228
100.556	-0.3094	6.6824	6.6895
100.606	-0.1239	6.9090	6.9102
100.656	-2.0845	1.4514	2.5400
100.706	-1.6830	2.6385	3.1295
100.756	-0.6847	5.1673	5.2125
100.806	0.1420	6.7132	6.7147
100.856	0.9806	7.9843	8.0443
100.906	1.4200	8.4702	8.5884
100.956	1.7716	8.7943	8.9710
101.006	1.9379	8.8072	9.0179
101.056	2.2557	8.9919	9.2705
101.106	2.6040	9.1629	9.5258
101.156	3.1644	9.5501	10.0607
101.206	3.7758	9.9179	10.6123
101.256	4.5023	10.3285	11.2672
101.306	5.2481	10.6654	11.8867
101.356	6.1689	11.0661	12.6694
101.406	6.9233	11.2325	13.1948
101.456	7.7133	11.3545	13.7266
101.506	8.5253	11.4164	14.2484
101.556	9.2250	11.3413	14.6194
101.606	9.8427	11.1671	14.8857
101.656	10.4270	10.9305	15.1062
101.706	11.0596	10.6700	15.3676
101.756	11.7052	10.3682	15.6369
101.806	12.3317	10.0134	15.8852
101.856	12.9637	9.6163	16.1410
101.906	13.4899	9.1519	16.3014
101.956	13.9472	8.6438	16.4085
102.006	14.2719	8.0928	16.4068
102.056	14.4326	7.5129	16.2709
102.106	14.6350	6.9350	16.1949
102.156	14.6931	6.3474	16.0055
102.206	14.7512	5.7663	15.8382
102.256	14.6719	5.1947	15.5643
102.306	14.5338	4.6423	15.2572
102.356	14.5453	4.0977	15.1115
102.406	14.1231	3.6072	14.5765
102.456	13.7340	3.1503	14.0907
102.506	13.0677	2.7645	13.3569
102.556	12.4386	2.4196	12.6717
102.606	11.2696	2.1957	11.4815
102.656	10.1377	2.0206	10.3371
102.706	1.4012	1.2967	1.9091
102.756	-6.1671	-2.7625	6.7576
102.806	-11.4153	-7.4014	13.6048
102.856	-14.6816	-11.1346	18.4263
102.906	-16.3748	-13.7997	21.4142
102.956	-16.5377	-14.3359	21.8864
103.006	-16.7896	-15.9328	23.1461
103.056	-14.4892	-14.4325	20.4508
103.106	-9.0842	-9.8704	13.4145
103.156	-3.8500	-7.1063	8.0822
103.206	1.6352	-6.9412	7.1312
103.256	7.0887	-7.2303	10.1255
103.306	12.4326	-7.4487	14.4932
103.356	16.8154	-7.5449	18.4305
103.406	17.6514	-6.5200	18.8171
103.456	15.3324	-5.1211	16.1650
103.506	11.0540	-3.2901	11.5333
103.556	5.9322	-1.8880	6.2254
103.606	2.4738	-0.8194	2.6060
103.656	0.7955	0.0507	0.7972
103.706	-0.1250	0.9680	0.9760
103.756	-0.3166	1.7887	1.8165
103.806	-0.1985	2.3027	2.3113
103.856	-0.0406	2.5634	2.5637
103.906	0.0175	2.7570	2.7571
103.956	-0.2265	2.7595	2.7688
104.006	-0.5068	2.7947	2.8403
104.056	-0.8552	2.7937	2.9217
104.156	-0.8888	2.8046	2.9420
104.206	-2.1395	2.6256	3.3869
104.256	-2.0866	2.6202	3.3495
104.306	-2.0856	2.6035	3.3358
104.356	-2.0654	2.5870	3.3104
104.406	-1.9937	2.5762	3.2575
104.456	-2.0243	2.5459	3.2526
104.506	-2.0666	2.5121	3.2529
104.556	-2.1271	2.4737	3.2625
104.606	-2.1996	2.4319	3.2791
104.656	-2.2763	2.3881	3.2992
104.706	-2.2952	2.3553	3.2887
104.756	-2.3948	2.3048	3.3238
104.806	-2.4754	2.2574	3.3501
104.856	-2.5459	2.2112	3.3721
104.906	-2.6075	2.1661	3.3898
104.956	-2.6630	2.1216	3.4048
105.006	-2.6438	2.0950	3.3732
105.056	-2.6150	2.0707	3.3356
105.106	-2.5131	2.0656	3.2530
105.156	-2.3741	2.0711	3.1505
105.206	-2.2188	2.0821	3.0427
105.256	-2.0615	2.0952	2.9393
105.306	-1.8886	2.1138	2.8347
105.356	-1.7637	2.1216	2.7590
105.406	-1.6440	2.1293	2.6901
105.456	-1.5325	2.1358	2.6288
105.506	-1.4283	2.1416	2.5742
105.556	-1.3303	2.1464	2.5252
105.606	-1.2702	2.1420	2.4903
105.656	-1.1411	2.1565	2.4398
105.706	-1.0616	2.1583	2.4053
105.906	-0.9388	2.1449	2.3414
106.106	0.5298	-2.5433	2.5979
106.256	2.0275	-8.0313	8.2832
106.306	2.2197	-8.8530	9.1270
106.356	2.2816	-8.9959	9.2807
106.406	2.3015	-9.0537	9.3416
106.456	2.3327	-9.0406	9.3367
106.506	2.3311	-8.9876	9.2850
106.556	2.1504	-8.2698	8.5448
106.606	-4.9481	-8.3472	9.7035
106.656	-9.2324	-8.1879	12.3402
106.706	-6.7823	-4.3394	8.0517
106.756	-1.6630	-0.3889	1.7079
106.806	2.1435	1.6943	2.7322
106.856	0.8517	1.9707	2.1469
106.906	3.5604	3.0438	4.6841
106.956	2.5788	3.1911	4.1028
107.006	3.2522	3.5313	4.8007
107.056	1.5354	3.2632	3.6063
107.106	-0.3323	2.7869	2.8066
107.156	-3.0966	1.8216	3.5926
107.206	-2.1217	2.2445	3.0886
107.256	-0.9121	2.6909	2.8413
107.306	-1.5628	2.4733	2.9257
107.356	1.1176	3.2239	3.4121
107.406	1.2575	3.2313	3.4673
107.456	1.1646	3.1944	3.4001
107.506	1.0248	3.1461	3.3088
107.556	0.9162	3.0992	3.2318
107.606	0.8614	3.0605	3.1794
107.656	0.8472	3.0295	3.1457
107.706	0.8493	3.0021	3.1199
107.756	0.8477	2.9740	3.0925
107.806	0.8363	2.9442	3.0607
107.856	0.8169	2.9131	3.0255
107.906	0.7958	2.8821	2.9900
107.956	0.7626	2.8494	2.9497
108.006	0.7332	2.8181	2.9119
108.056	0.5646	2.7589	2.8160
108.106	0.2753	2.6746	2.6888
108.156	0.1152	2.6184	2.6209
108.206	0.0208	2.5773	2.5774
108.256	-0.0340	2.5454	2.5457
108.306	-0.0632	2.5195	2.5202
108.356	-0.0725	2.4981	2.4991
108.406	-0.0623	2.4810	2.4818
108.456	-0.0298	2.4691	2.4693
108.506	0.0187	2.4604	2.4604
108.556	0.0929	2.4570	2.4587
108.606	0.1893	2.4578	2.4651
108.656	0.3060	2.4623	2.4813
108.706	0.4426	2.4700	2.5093
108.756	0.5988	2.4803	2.5515
108.806	0.7745	2.4928	2.6103
108.856	6.1965	2.9199	6.8500
108.956	10.7332	2.5497	11.0319
109.006	4.3704	2.7989	5.1898
109.056	0.6393	2.2981	2.3854
109.106	-0.9471	1.9388	2.1578
109.156	-2.2467	1.7309	2.8362
109.206	-2.7875	1.7558	3.2944
109.256	-2.8230	1.8335	3.3661
109.306	-2.4212	1.9032	3.0797
109.356	-1.8751	1.9404	2.6983
109.406	-1.4226	1.9571	2.4195
109.456	-1.1767	1.9682	2.2931
109.506	-1.0931	1.9741	2.2565
109.556	-1.1102	1.9641	2.2562
109.606	-1.1641	1.9371	2.2600
109.656	-1.2051	1.9059	2.2550
109.706	-1.1984	1.8840	2.2328
109.756	-1.1352	1.8760	2.1927
109.806	-1.0189	1.8802	2.1385
109.856	-0.8720	1.8898	2.0813
109.906	-0.7205	1.8995	2.0315
109.956	-0.5855	1.9059	1.9938
110.006	-0.4824	1.9075	1.9676
110.056	-0.4136	1.9040	1.9484
110.106	-0.3749	1.8962	1.9329
110.156	-0.3577	1.8848	1.9184
110.206	-0.2532	1.8878	1.9047
110.256	-0.3766	1.8531	1.8910
110.306	-0.3732	1.8398	1.8773
110.356	-0.3598	1.8282	1.8633
110.406	-0.3403	1.8179	1.8495
110.456	-0.3629	1.8007	1.8369
110.506	-0.2840	1.8004	1.8226
110.656	-0.2735	1.7756	1.7966
110.906	-0.2045	1.7353	1.7473
111.106	-0.3632	1.6525	1.6920
111.156	-0.4363	0.9662	1.0602
111.206	-0.0051	-1.7853	1.7853
111.256	0.3452	-4.8331	4.8454
111.306	0.6940	-7.0264	7.0606
111.356	0.7670	-8.3168	8.3521
111.406	0.8762	-9.1487	9.1905
111.456	0.9078	-9.7126	9.7549
111.506	0.9518	-10.0742	10.1190
111.556	0.9877	-10.2926	10.3399
111.606	1.0201	-10.4061	10.4560
111.656	1.0484	-10.4424	10.4949
111.706	0.9647	-9.8809	9.9279
111.756	0.5834	-7.8123	7.8341
111.806	0.1010	-5.1759	5.1769
111.856	-0.2684	-3.0526	3.0643
111.906	-0.5301	-1.4724	1.5649
111.956	-0.7071	-0.3415	0.7852
112.006	-0.8223	0.4451	0.9350
112.056	-0.7654	0.2961	0.8207
112.106	-0.2576	-2.0685	2.0845
112.156	0.3199	-4.7317	4.7425
112.206	0.7467	-6.6319	6.6738
112.256	3.6172	-7.1296	7.9947
112.306	7.2522	-7.4100	10.3684
112.356	5.3210	-8.0336	9.6360
112.406	2.9637	-7.8709	8.4104
112.456	3.5856	-5.6545	6.6955
112.506	-1.1364	-3.7872	3.9540
112.556	-1.9830	-1.9976	2.8147
112.606	-2.1275	-0.5790	2.2049
112.656	-2.1700	0.4066	2.2077
112.706	-1.9759	0.3577	2.0081
112.756	-1.3869	-1.9666	2.4065
112.806	-0.7449	-4.5709	4.6312
112.856	-0.2761	-6.4009	6.4068
112.906	-0.0036	-7.2883	7.2883
112.956	0.1369	-7.8160	7.8172
113.006	0.2219	-7.4032	7.4065
113.056	0.1147	-5.1984	5.1997
113.106	2.1047	-2.1286	2.9934
113.156	2.2926	-0.2267	2.3038
113.206	2.5887	1.0874	2.8078
113.256	3.0313	1.9543	3.6066
113.306	3.4156	2.5124	4.2401
113.356	3.8280	2.1272	4.3793
113.406	4.3517	-0.4714	4.3772
113.456	4.7748	-3.2983	5.8032
113.506	4.8663	-5.2904	7.1882
113.556	4.7744	-6.2730	7.8833
113.606	4.5508	-6.1154	7.6229
113.656	4.1967	-4.0700	5.8462
113.706	3.7281	-1.6335	4.0702
113.756	3.2108	0.0510	3.2112
113.806	2.6929	1.1629	2.9332
113.856	2.1852	1.8921	2.8906
113.906	1.6721	1.5674	2.2919
113.956	1.1099	-0.9465	1.4586
114.006	0.2010	-3.6727	3.6782
114.056	-0.2873	-5.4701	5.4776
114.106	-0.8471	-5.5711	5.6351
114.156	-1.4168	-3.7029	3.9647
114.206	0.3103	-1.3543	1.3894
114.256	-1.3527	-0.0246	1.3530
114.306	-2.1952	1.0164	2.4190
114.356	-2.9897	1.7044	3.4414
114.406	-3.9657	2.1949	4.5326
114.456	-4.9961	2.3164	5.5070
114.506	-6.2106	2.2785	6.6154
114.556	-7.1114	1.9851	7.3833
114.606	-8.5672	0.6440	8.5914
114.656	-9.3751	-2.9271	9.8214
114.706	-9.7512	-6.6487	11.8022
114.756	-6.5455	-7.6093	10.0372
114.806	0.0596	-6.0853	6.0856
114.856	4.3308	-5.7581	7.2050
114.906	-3.4200	-8.5078	9.1695
114.956	-7.2387	-11.3878	13.4937
115.006	-8.6327	-13.8624	16.3306
115.056	-8.6463	-16.1378	18.3081
115.106	-8.2223	-17.6090	19.4341
115.156	-8.0497	-18.0622	19.7747
115.206	-7.3861	-18.0108	19.4665
115.256	-8.3780	-15.5395	17.6541
115.306	-6.3089	-6.0550	8.7445
115.356	-2.9039	1.7413	3.3860
115.406	1.6663	6.7426	6.9454
115.456	4.1058	8.1004	9.0815
115.506	5.7795	8.4553	10.2418
115.556	7.8938	9.1003	12.0469
115.606	10.3614	9.2587	13.8954
115.656	10.0882	8.9050	13.4563
115.706	4.9218	7.1389	8.6711
115.756	-0.1926	4.8870	4.8908
115.806	-2.9512	3.3594	4.4716
115.856	-3.5215	2.5912	4.3721
115.906	-2.6011	2.9667	3.9455
115.956	-1.3094	3.6684	3.8950
116.006	-0.2988	4.2633	4.2738
116.056	0.3246	4.5879	4.5994
116.106	0.5696	4.7224	4.7567
116.156	0.5880	4.7295	4.7659
116.206	0.4832	4.6501	4.6751
116.256	0.3676	4.5305	4.5454
116.306	0.2743	4.3929	4.4015
116.356	0.2293	4.3064	4.3126
116.406	0.2116	4.2257	4.2310
116.456	0.2418	4.1569	4.1639
116.506	0.2462	4.0899	4.0973
116.556	0.2797	3.9867	3.9965
116.606	0.2624	3.9341	3.9428
116.656	0.2746	3.8422	3.8520
116.706	0.2268	3.8009	3.8076
116.756	0.2096	3.7147	3.7206
116.806	0.1534	3.6726	3.6758
116.856	0.0909	3.5829	3.5840
116.906	0.0591	3.5394	3.5399
116.956	0.0266	3.4755	3.4756
117.006	-0.0237	3.4227	3.4228
117.056	-0.0765	3.3657	3.3665
117.106	-0.1359	3.3129	3.3157
117.156	-0.1979	3.2603	3.2663
117.206	-0.2616	3.2096	3.2202
117.256	-0.2181	3.1955	3.2029
117.306	-0.4580	3.0896	3.1234
117.356	-0.5224	3.0423	3.0869
117.406	-0.5831	2.9972	3.0534
117.456	-0.6448	2.9524	3.0220
117.506	-0.7068	2.9080	2.9927
117.556	-0.7705	2.8634	2.9653
117.606	-0.8339	2.8193	2.9401
117.656	-0.8977	2.7753	2.9169
117.706	-0.9600	2.7320	2.8957
117.756	-1.0209	2.6892	2.8765
117.806	-1.0802	2.6471	2.8590
117.856	-1.0888	2.6224	2.8394
117.906	-1.2086	2.5593	2.8303
117.956	-1.2569	2.5209	2.8169
118.006	-1.3144	2.4791	2.8060
118.056	-1.3732	2.4367	2.7970
118.106	-1.4290	2.3952	2.7891
118.156	-1.4817	2.3546	2.7820
118.206	-1.5299	2.3155	2.7753
118.256	-1.5742	2.2775	2.7686
118.306	-1.6142	2.2409	2.7618
118.356	-1.6489	2.2062	2.7543
118.406	-1.6779	2.1734	2.7457
118.456	-1.7018	2.1423	2.7360
118.506	-1.7204	2.1133	2.7250
118.556	-1.7333	2.0864	2.7124
118.606	-1.7522	2.0571	2.7022
118.656	-1.7408	2.0397	2.6816
118.706	-1.7384	2.0190	2.6642
118.756	-1.7375	1.9976	2.6475
118.806	-1.7352	1.9769	2.6304
118.856	-1.7279	1.9584	2.6117
118.906	-1.7201	1.9403	2.5930
118.956	-1.7079	1.9242	2.5728
119.006	-1.6948	1.9087	2.5525
119.056	-1.6794	1.8942	2.5315
119.106	-1.6631	1.8804	2.5104
119.156	-1.6455	1.8674	2.4889
119.206	-1.6268	1.8550	2.4673
119.256	-1.6069	1.8434	2.4454
119.306	-1.5880	1.8315	2.4241
119.356	-1.5693	1.8199	2.4031
119.406	-1.5522	1.8077	2.3827
119.456	-1.5374	1.7948	2.3633
119.506	-1.5225	1.7822	2.3440
119.556	-1.5018	1.7723	2.3230
119.606	-1.4739	1.7657	2.3001
119.656	-1.4362	1.7637	2.2745
119.706	6.1586	3.3695	7.0201
119.756	12.9473	1.2299	13.0056
119.806	16.1291	-1.4832	16.1971
119.856	13.0149	-2.1876	13.1975
119.906	7.5239	-2.1986	7.8385
119.956	9.2447	-0.8257	9.2815
120.006	2.1941	-1.1227	2.4646
120.056	-3.8542	-2.4843	4.5855
120.106	-6.4625	-2.7185	7.0110
120.156	-7.6192	-2.0794	7.8979
120.206	-7.5867	-1.2869	7.6950
120.256	-6.5445	-0.4861	6.5626
120.306	-4.9415	0.2466	4.9477
120.356	-6.9385	-0.6369	6.9677
120.406	-2.3197	1.2088	2.6158
120.456	-1.6512	1.5261	2.2485
120.506	-1.6961	1.6565	2.3708
120.556	-1.8606	1.6806	2.5072
120.606	-2.0063	1.6199	2.5786
120.656	-0.6134	2.1627	2.2480
120.706	-2.4130	1.3680	2.7738
120.756	-2.2392	1.4311	2.6575
120.806	-1.8946	1.5819	2.4681
120.856	-1.4547	1.7632	2.2858
120.906	-1.0020	1.9312	2.1756
120.956	-0.6200	2.0613	2.1525
121.006	-0.3460	2.1500	2.1776
121.056	-0.3515	2.1356	2.1643
121.106	-0.0324	2.2428	2.2430
121.156	0.0049	2.2431	2.2431
121.256	0.2639	2.3146	2.3296
121.306	-0.2147	2.1073	2.1182
121.356	-0.1147	2.1284	2.1315
121.406	-0.0395	2.1403	2.1406
121.456	0.0501	2.1568	2.1573
121.506	0.1382	2.1717	2.1761
121.556	0.2141	2.1817	2.1921
121.606	0.2712	2.1849	2.2016
121.656	0.3071	2.1807	2.2022
121.706	0.3387	2.1751	2.2013
121.756	0.5316	1.5422	1.6312
121.806	1.4015	-1.1081	1.7866
121.856	2.1759	-3.6309	4.2329
121.906	2.7489	-5.1947	5.8772
121.956	2.8670	-6.3293	6.9484
122.006	3.0264	-7.0524	7.6743
122.056	3.1175	-7.5275	8.1475
122.106	3.1598	-7.8294	8.4430
122.156	3.1672	-8.0084	8.6120
122.206	3.1484	-8.0998	8.6902
122.256	3.0821	-8.1385	8.7026
122.306	3.0683	-8.1088	8.6699
122.356	3.0076	-8.0596	8.6025
122.406	2.9414	-7.9872	8.5116
122.456	2.8741	-7.8971	8.4039
122.506	2.8089	-7.7941	8.2848
122.556	2.7470	-7.6817	8.1581
122.606	2.6900	-7.5621	8.0263
122.656	2.6372	-7.4380	7.8916
122.706	2.5871	-7.3112	7.7554
122.756	2.5407	-7.1827	7.6188
122.806	2.2598	-6.3914	6.7791
122.856	1.6085	-4.5572	4.8327
123.006	0.3463	-1.0041	1.0622
123.156	-0.6171	1.7193	1.8267
123.356	-0.9023	2.5299	2.6860
123.506	0.5065	3.1123	3.1533
123.556	3.6687	3.9627	5.4002
123.606	1.8900	3.5663	4.0362
123.656	0.7266	3.2372	3.3177
123.706	0.3009	3.0809	3.0955
123.756	0.7965	3.1892	3.2872
123.806	2.7067	3.6005	4.5044
123.856	3.1551	3.6329	4.8117
123.906	3.6116	2.9548	4.6663
123.956	4.8277	0.2484	4.8341
124.006	5.9571	-2.6946	6.5382
124.056	6.8119	-4.7912	8.3281
124.106	-1.5833	-7.6675	7.8293
124.156	-6.3646	-10.6493	12.4063
124.206	-6.5868	-11.4554	13.2141
124.256	-6.6305	-11.7164	13.4624
124.306	1.2302	-7.5640	7.6634
124.356	6.3780	-3.9848	7.5204
124.406	9.1350	-1.6150	9.2767
124.456	12.5841	-0.3516	12.5890
124.506	15.1688	-0.0140	15.1688
124.556	12.7601	1.6067	12.8608
124.606	7.8753	2.8103	8.3617
124.656	9.4311	2.6603	9.7992
124.706	1.4452	2.2547	2.6781
124.756	-0.2268	-0.6770	0.7140
124.806	3.0144	-3.4893	4.6111
124.856	5.7506	-5.6600	8.0688
124.906	6.7384	-6.9437	9.6758
124.956	5.5155	-7.4803	9.2938
125.006	7.2697	-8.3659	11.0832
125.056	6.6718	-8.6259	10.9050
125.106	5.6772	-8.6396	10.3380
125.156	4.5454	-8.4082	9.5582
125.206	4.1139	-8.4221	9.3731
125.256	0.3674	-6.9889	6.9986
125.306	-15.1500	-136.6669	137.5041
125.356	-14.3161	7.9629	16.3817
125.406	2.7228	3.4832	4.4211
125.456	3.3341	3.9496	5.1687
125.506	1.6091	4.4440	4.7264
125.556	1.9380	4.2333	4.6558
125.606	1.2855	4.3603	4.5458
125.656	1.6334	4.1862	4.4935
125.706	1.4197	-31.5675	31.5994
125.756	-4.2991	9.3801	10.3184
125.806	0.3730	-7.1986	7.2083
125.856	0.9577	0.7079	1.1909
125.906	0.7067	1.7370	1.8752
125.956	1.0265	1.7848	2.0589
126.006	1.5143	1.7858	2.3414
126.056	1.4962	1.5986	2.1895
126.106	0.0417	5.8736	5.8738
126.156	4.7824	2.9923	5.6414
126.256	7.6146	-0.0970	7.6153
126.306	8.5704	-2.7840	9.0113
126.356	8.6925	-4.7560	9.9086
126.406	8.3767	-6.9181	10.8641
126.456	7.5277	-9.0428	11.7660
126.506	6.7197	-8.3898	10.7491
126.556	6.4117	-4.5879	7.8841
126.606	5.8291	0.8074	5.8848
126.656	4.5477	4.5850	6.4579
126.706	2.5201	5.3446	5.9090
126.756	1.0776	-0.1435	1.0872
126.806	0.6246	3.8009	3.8518
126.856	0.7729	3.9766	4.0510
126.906	-0.0348	6.1075	6.1076
126.956	0.4266	5.3417	5.3587
127.006	1.6576	4.2216	4.5354
127.056	2.4608	3.4765	4.2592
127.106	2.7484	2.8830	3.9832
127.156	3.0917	2.6289	4.0583
127.206	3.1394	2.5113	4.0203
127.256	3.2028	2.4032	4.0042
127.306	3.2749	2.3406	4.0253
127.356	3.1429	2.4994	4.0155
127.406	3.4839	2.0779	4.0565
127.456	3.5036	2.0250	4.0468
127.506	3.5453	1.9790	4.0602
127.556	3.5650	1.8664	4.0240
127.606	3.6222	1.8031	4.0461
127.806	3.5978	1.7523	4.0018
128.006	4.7166	-0.3069	4.7266
128.156	4.9007	-1.1117	5.0252
128.206	4.1673	0.1045	4.1686
128.256	4.3807	-0.5997	4.4216
128.306	4.5231	-1.0887	4.6523
128.356	4.4887	-1.3248	4.6801
128.406	4.6203	-1.8236	4.9671
128.456	4.6296	-2.2853	5.1629
128.506	4.6186	-2.3712	5.1917
128.556	4.5173	-2.5117	5.1686
128.606	4.6922	-3.3638	5.7734
128.656	4.5640	-3.3797	5.6792
128.706	4.5788	-3.8273	5.9677
128.756	4.5213	-4.1772	6.1556
128.806	4.4188	-4.1751	6.0793
128.856	4.3781	-4.6980	6.4218
128.906	4.2939	-5.0009	6.5914
128.956	4.1689	-4.9821	6.4963
129.006	4.0162	-4.5347	6.0575
129.056	3.8946	-4.4049	5.8797
129.106	3.4672	-1.3052	3.7047
129.156	3.5910	-2.8733	4.5990
129.206	3.5441	-3.2312	4.7960
129.256	3.4860	-3.6010	5.0119
129.306	3.4118	-3.6610	5.0043
129.356	3.3351	-3.5316	4.8575
129.406	3.2646	-3.2949	4.6383
129.456	3.1977	-2.8555	4.2871
129.506	3.1361	-2.4982	4.0096
129.556	3.0811	-2.2053	3.7890
129.606	3.0325	-1.9682	3.6152
129.656	2.9895	-1.7851	3.4819
129.706	2.9509	-1.6362	3.3741
129.756	2.9158	-1.5079	3.2826
129.806	2.8835	-1.3902	3.2011
129.856	2.8534	-1.2766	3.1259
129.906	2.8254	-1.1649	3.0561
129.956	2.7989	-1.0768	2.9989
130.006	2.7739	-0.9598	2.9352
130.056	2.7499	-0.9488	2.9089
130.106	2.7272	-0.7263	2.8223
130.156	2.7050	-0.6453	2.7809
130.206	2.6836	-0.5782	2.7452
130.256	2.6627	-0.5211	2.7132
130.306	2.6423	-0.4708	2.6839
130.356	2.6223	-0.4247	2.6565
130.406	2.6028	-0.3821	2.6307
130.456	2.5836	-0.3413	2.6060
130.506	2.5645	-0.3228	2.5847
130.556	2.5458	-0.2608	2.5591
130.606	2.5272	-0.2285	2.5375
130.656	1.8286	-0.2010	1.8396
130.706	-1.0256	-0.1733	1.0401
130.756	-4.0726	-0.1400	4.0750
130.806	-6.2148	-0.1138	6.2158
130.856	-7.3505	-0.0930	7.3511
130.906	-8.0505	-0.0751	8.0509
130.956	-8.4881	-0.0590	8.4883
131.006	-8.7453	-0.0444	8.7454
131.056	-8.2286	-0.0339	8.2287
131.106	-6.0297	-0.0306	6.0298
131.156	-3.3608	-0.0290	3.3609
131.206	-1.3666	-0.0281	1.3669
131.256	0.0368	-0.0232	0.0435
131.306	0.9747	-0.0207	0.9749
131.356	0.8555	-0.0168	0.8556
131.406	-1.5622	-0.0065	1.5622
131.456	-3.1773	0.0009	3.1773
131.506	-2.3620	0.0002	2.3620
131.556	-1.1495	-0.0023	1.1495
131.606	0.1953	-0.0053	0.1953
131.656	1.0995	-0.0074	1.0996
131.706	1.6959	-0.0092	1.6959
131.756	2.0911	-0.0096	2.0911
131.806	2.3523	-0.0102	2.3524
131.856	2.5240	-0.0106	2.5240
131.906	2.6349	-0.0105	2.6350
131.956	1.9895	-0.0082	1.9896
132.006	-1.5481	7.1717	7.3369
132.056	-6.2119	11.7020	13.2486
132.106	-8.9235	12.2677	15.1699
132.156	-7.6542	4.8062	9.0381
132.206	-6.4032	-3.8480	7.4704
132.256	-4.9258	-5.8124	7.6189
132.306	-2.5579	-5.9314	6.4595
132.356	-0.4542	-3.8690	3.8956
132.406	0.8698	-1.2478	1.5210
132.456	1.5540	0.2905	1.5810
132.506	2.0142	0.6472	2.1156
132.556	1.6329	0.2370	1.6500
132.606	-0.9571	-0.5283	1.0932
132.656	-3.7439	-1.1474	3.9158
132.706	-5.6733	-1.4611	5.8584
132.756	-6.5936	-1.5233	6.7673
132.806	-6.3763	-1.4273	6.5341
132.856	-4.2761	-1.2378	4.4517
132.906	-1.7749	-1.0227	2.0484
132.956	-0.4454	-6.1261	6.1423
133.056	-0.4717	-10.8538	10.8641
133.106	2.0375	-4.5426	4.9786
133.156	2.8086	-0.5761	2.8671
133.206	2.9769	1.3886	3.2848
133.256	3.0794	2.0949	3.7244
133.306	3.1719	2.2675	3.8990
133.356	3.2342	2.0219	3.8142
133.406	3.2512	1.6340	3.6387
133.456	3.2359	1.2701	3.4762
133.506	3.2060	1.0130	3.3623
133.556	3.1757	0.8686	3.2923
133.606	3.1500	0.8095	3.2524
133.656	3.1260	0.7997	3.2267
133.706	3.1015	0.8070	3.2048
133.756	3.0773	0.8096	3.1820
133.806	3.0524	0.7940	3.1540
133.856	3.0276	0.7617	3.1219
133.906	3.0030	0.7144	3.0869
133.956	2.9790	0.6583	3.0508
134.006	2.9552	0.5992	3.0154
134.056	2.9320	0.5420	2.9817
134.106	2.9069	0.4911	2.9481
134.156	2.8832	0.4442	2.9172
134.206	2.8614	0.4034	2.8897
134.256	2.8400	0.3679	2.8637
134.306	2.8186	0.3367	2.8387
134.356	2.7981	0.3069	2.8149
134.406	2.7774	0.2995	2.7935
134.456	2.7565	0.2459	2.7675
134.506	2.7361	0.2223	2.7451
134.556	2.7160	0.2009	2.7234
134.606	2.6952	0.1810	2.7013
134.906	2.6250	0.1540	2.6295
135.106	2.5310	0.0232	2.5311
135.156	1.8021	-0.0232	1.8023
135.206	-1.0523	0.0186	1.0524
135.256	-4.0995	0.0447	4.0997
135.306	-6.2446	0.0592	6.2449
135.356	-7.3804	0.0635	7.3807
135.406	-8.0803	0.0621	8.0806
135.456	-8.5185	0.0576	8.5187
135.506	-8.7764	0.0526	8.7766
135.556	-8.9088	0.0476	8.9089
135.606	-8.2967	0.0419	8.2968
135.656	-6.0216	0.0317	6.0216
135.706	-3.3110	0.0210	3.3111
135.756	-1.3009	0.0133	1.3009
135.806	0.1058	0.0077	0.1061
135.856	1.0388	0.0034	1.0388
135.906	1.6535	0.0008	1.6535
135.956	2.0608	-0.0015	2.0608
136.006	2.3295	-0.0029	2.3295
136.056	2.5058	-0.0037	2.5058
136.106	2.6199	-0.0061	2.6199
136.156	2.6917	-0.0062	2.6918
136.206	2.7346	-0.0065	2.7346
136.256	2.7580	-0.0073	2.7580
136.306	2.2620	5.5038	5.9505
136.356	0.1813	10.5455	10.5470
136.406	-0.8883	9.4336	9.4753
136.456	0.4174	4.1296	4.1506
136.506	1.3840	-1.2199	1.8449
136.556	1.6864	-3.3546	3.7547
136.606	2.0678	-3.1466	3.7652
136.656	2.3608	-3.1469	3.9340
136.706	2.5570	-1.7457	3.0960
136.756	2.5932	-0.6891	2.6832
136.806	2.5991	-0.3307	2.6200
136.856	2.6251	-0.4725	2.6673
136.906	2.6518	-0.8326	2.7795
136.956	2.6589	-1.1687	2.9044
137.006	2.6485	-1.3755	2.9844
137.056	2.6317	-1.4564	3.0078
137.106	2.6139	-1.4489	2.9886
137.156	2.5954	-1.3996	2.9487
137.206	2.5761	-1.3399	2.9037
137.256	2.5536	-1.4273	2.9254
137.306	2.0762	4.7775	5.2091
137.356	2.2882	3.3425	4.0507
137.406	2.4994	0.8822	2.6505
137.456	2.4955	-1.0367	2.7023
137.506	2.4498	-1.7645	3.0191
137.556	2.4478	-1.6029	2.9259
137.606	2.4548	-0.9610	2.6362
137.656	1.2112	-6.7624	6.8700
137.756	-4.2059	-12.4383	13.1301
137.806	-3.7010	-8.1384	8.9404
137.856	-1.9442	-3.1962	3.7410
137.906	-0.6441	-0.0590	0.6468
137.956	0.2130	1.6210	1.6350
138.006	0.9526	2.8003	2.9579
138.056	1.5618	3.2447	3.6010
138.106	1.9466	3.1060	3.6656
138.156	2.1400	2.6226	3.3849
138.206	2.2215	2.1233	3.0730
138.256	2.2657	1.7812	2.8820
138.306	2.3058	1.6194	2.8177
138.356	2.3388	1.5771	2.8208
138.406	2.3520	1.5868	2.8372
138.456	2.3511	1.5854	2.8357
138.506	2.3413	1.5465	2.8059
138.556	2.3275	1.4580	2.7465
138.606	2.3149	1.3159	2.6628
138.656	2.3012	1.1394	2.5678
138.706	2.2861	0.9494	2.4754
138.756	2.2685	1.0220	2.4881
138.806	2.2531	0.5315	2.3150
138.856	2.2343	0.4069	2.2710
138.906	2.2161	0.3283	2.2403
138.956	2.2004	0.2796	2.2180
139.006	2.1840	0.2498	2.1983
139.056	2.1688	0.1384	2.1733
139.106	2.1532	0.2326	2.1658
139.156	2.1376	0.2076	2.1476
139.206	2.1211	0.1738	2.1282
139.356	2.0896	0.1596	2.0957
139.456	1.7251	0.0762	1.7268
139.556	-2.9612	-0.0576	2.9618
139.806	-5.5609	-3.8140	6.7431
139.906	-0.3592	1.5346	1.5760
139.956	-3.2437	6.9028	7.6270
140.006	-4.6958	6.3727	7.9159
140.056	-5.9991	10.9164	12.4563
140.106	-9.0565	14.1189	16.7739
140.156	-8.0457	10.8719	13.5252
140.206	-5.2914	3.7066	6.4605
140.256	-3.5295	-0.4151	3.5538
140.306	-2.1651	-4.1319	4.6648
140.356	-0.7595	-4.9027	4.9612
140.406	0.6155	-3.6603	3.7117
140.456	1.3825	-1.8037	2.2726
140.506	1.6660	-0.3528	1.7029
140.556	1.8656	-0.1405	1.8709
140.606	2.0858	-0.5793	2.1648
140.656	2.2324	-0.6331	2.3205
140.706	2.3705	-1.9551	3.0727
140.756	2.4017	-2.2187	3.2697
140.806	2.4117	-2.2761	3.3162
140.856	2.4152	-2.2347	3.2904
140.906	2.4137	-2.1604	3.2393
140.956	2.4061	-2.0862	3.1846
141.006	2.3917	-2.0209	3.1311
141.056	2.3734	-1.9501	3.0718
141.106	2.3549	-1.8595	3.0006
141.156	2.3363	-1.7400	2.9130
141.206	2.3197	-1.5824	2.8080
141.256	2.3047	-1.3838	2.6882
141.306	2.2914	-1.1520	2.5647
141.356	2.2795	-0.8893	2.4469
141.406	2.2671	-0.5992	2.3450
141.456	2.2514	-0.4932	2.3048
141.506	2.2446	0.0875	2.2463
141.556	2.2312	0.4229	2.2709
141.606	2.2159	0.8052	2.3576
141.656	2.1957	1.2282	2.5159
141.706	2.1688	1.6908	2.7500
141.756	2.1320	2.1933	3.0587
141.806	2.0805	2.7433	3.4430
141.856	2.0146	3.3359	3.8970
141.906	1.9254	3.9925	4.4326
141.956	1.8062	4.7209	5.0547
142.006	1.7210	5.0191	5.3059
142.056	1.2277	-2.9678	3.2117
142.106	-2.6535	-9.3407	9.7103
142.156	-6.2611	-12.3946	13.8862
142.206	-6.6465	-11.4894	13.2733
142.256	-5.2621	-9.1925	10.5920
142.306	-3.4305	-5.2957	6.3097
142.356	-1.8016	-1.5620	2.3845
142.406	-0.8045	0.5222	0.9591
142.456	0.0525	2.1419	2.1426
142.506	0.8518	2.9295	3.0508
