Time(s)	Ax(m/s^2)	Ay(m/s^2)	A_mag(m/s^2)
1.770	0.0000	0.0000	0.0000
1.820	0.0000	0.0000	0.0000
1.870	0.0000	0.0000	0.0000
1.920	0.0000	0.0000	0.0000
1.970	0.0000	0.0000	0.0000
2.020	0.0000	0.0000	0.0000
2.070	0.0000	0.0000	0.0000
2.120	0.1561	0.0192	0.1573
2.170	-1.2491	0.1088	1.2538
2.220	0.8005	-0.2698	0.8447
2.270	13.7029	0.6881	13.7201
2.320	14.0184	0.5674	14.0299
2.370	11.3836	0.4700	11.3933
2.420	8.2010	0.2788	8.2057
2.470	6.3279	0.1737	6.3303
2.520	5.8623	0.3171	5.8709
2.570	5.6708	-0.0658	5.6712
2.620	5.3845	0.0190	5.3846
2.670	5.1544	0.0304	5.1545
2.720	4.9226	0.2224	4.9276
2.770	4.7485	-0.1645	4.7514
2.820	4.6225	-0.0532	4.6228
2.870	4.5368	-0.0251	4.5369
2.920	4.4741	-0.0213	4.4741
2.970	4.4355	-0.0259	4.4355
3.020	2.9512	-0.0524	2.9516
3.070	-0.3545	-0.0845	0.3644
3.120	1.8070	-0.0737	1.8085
3.170	1.7448	-0.0545	1.7456
3.220	3.3078	-0.0493	3.3082
3.270	2.8794	-0.0299	2.8796
3.320	4.1103	-0.0376	4.1105
3.370	3.4484	-0.0211	3.4485
3.420	4.4764	-0.0362	4.4766
3.470	3.7055	-0.0235	3.7055
3.520	4.6138	-0.0403	4.6140
3.570	3.8101	-0.0270	3.8102
3.620	4.6408	-0.0473	4.6411
3.670	3.8302	-0.0377	3.8304
3.720	4.6147	-0.0527	4.6150
3.770	3.8194	-0.0440	3.8197
3.820	4.5646	-0.0612	4.5650
3.870	3.7955	-0.0519	3.7959
3.920	4.5052	-0.0657	4.5056
3.970	3.7667	-0.0585	3.7671
4.020	4.4400	-0.0706	4.4405
4.070	3.7357	-0.0635	3.7363
4.120	4.3719	-0.0850	4.3727
4.170	3.7048	-0.0619	3.7053
4.220	4.3040	-0.0721	4.3046
4.270	3.6771	-0.0680	3.6778
4.320	4.2372	-0.0758	4.2379
4.370	3.6571	-0.0713	3.6578
4.420	4.1763	-0.0858	4.1772
4.470	3.6543	-0.0680	3.6550
4.520	4.1343	-0.0726	4.1349
4.570	3.7082	-0.0702	3.7089
4.620	4.0967	-0.0812	4.0975
4.670	3.6286	-0.0654	3.6292
4.720	3.8832	-0.0673	3.8838
4.770	3.5045	-0.0652	3.5051
4.820	3.7151	-0.0654	3.7157
4.870	3.4381	-0.0632	3.4387
4.920	3.5656	-0.0619	3.5661
4.970	3.3843	-0.0596	3.3849
5.020	3.4184	-0.0576	3.4189
5.070	3.3176	-0.0556	3.3181
5.120	3.3036	-0.0535	3.3040
5.170	3.2516	-0.0515	3.2520
5.220	3.2250	-0.0492	3.2254
5.270	3.1926	-0.0477	3.1930
5.320	3.1661	-0.0454	3.1664
5.370	3.1400	-0.0434	3.1403
5.420	3.1153	-0.0412	3.1156
5.470	3.0914	-0.0394	3.0917
5.520	3.0682	-0.0406	3.0684
5.570	3.0454	-0.0343	3.0456
5.620	3.0230	-0.0329	3.0232
5.670	3.0009	-0.0316	3.0011
5.720	2.9790	-0.0302	2.9792
5.770	2.9574	-0.0289	2.9576
5.820	2.9359	-0.0273	2.9360
5.870	2.9148	-0.0262	2.9149
5.920	2.8937	-0.0250	2.8938
5.970	2.8727	-0.0232	2.8728
6.020	2.8520	-0.0224	2.8521
6.070	2.8314	-0.0211	2.8315
6.120	2.8110	-0.0200	2.8111
6.170	2.7907	-0.0188	2.7908
6.220	2.7707	-0.0180	2.7707
6.270	2.7506	-0.0170	2.7506
6.320	2.7308	-0.0161	2.7308
6.370	2.7112	-0.0155	2.7112
6.420	2.6916	-0.0150	2.6916
6.470	2.6722	-0.0142	2.6722
6.520	2.6529	-0.0136	2.6529
6.570	2.6339	-0.0132	2.6339
6.620	2.6149	-0.0125	2.6149
6.670	2.5960	-0.0118	2.5960
6.720	2.5773	-0.0113	2.5773
6.770	2.5588	-0.0112	2.5588
6.820	2.5403	-0.0108	2.5403
6.870	2.5220	-0.0106	2.5220
6.920	2.5039	-0.0097	2.5039
6.970	2.4859	-0.0098	2.4859
7.020	2.4680	-0.0090	2.4680
7.070	2.4502	-0.0090	2.4502
7.120	2.4326	-0.0090	2.4326
7.170	2.4151	-0.0087	2.4151
7.220	2.3977	-0.0086	2.3977
7.270	2.3804	-0.0084	2.3804
7.320	2.3633	-0.0081	2.3633
7.370	2.3463	-0.0078	2.3464
7.420	2.3294	-0.0080	2.3294
7.470	2.3126	-0.0075	2.3126
7.520	2.2960	-0.0076	2.2960
7.570	2.2795	-0.0075	2.2796
7.620	2.2631	-0.0072	2.2631
7.670	2.2469	-0.0075	2.2469
7.720	2.2307	-0.0074	2.2307
7.770	2.2146	-0.0070	2.2146
7.820	2.1987	-0.0072	2.1987
7.870	2.1829	-0.0072	2.1829
7.920	1.5055	-0.0046	1.5056
7.970	-1.3077	0.0039	1.3077
8.020	-3.9112	0.0117	3.9112
8.070	-5.5281	0.0173	5.5281
8.120	-6.5876	0.0207	6.5877
8.170	-7.2778	0.0232	7.2778
8.220	-7.7169	0.0246	7.7169
8.270	-7.9828	-0.0611	7.9830
8.320	-8.1319	-0.5764	8.1523
8.370	-8.2098	-1.3271	8.3163
8.420	-8.2506	-2.1387	8.5233
8.470	-8.2153	-2.0361	8.4639
8.520	-8.3014	-3.8216	9.1388
8.570	-8.2407	-3.6722	9.0219
8.620	-8.3377	-4.8211	9.6312
8.670	-8.3343	-4.9665	9.7019
8.720	-8.8290	-7.1318	11.3496
8.770	-8.6740	-6.2788	10.7080
8.820	-8.4992	-5.5349	10.1426
8.870	-8.5453	-5.5597	10.1948
8.920	-8.2325	-4.3747	9.3227
8.970	-8.2441	-4.3447	9.3188
9.020	-8.0572	-3.6881	8.8612
9.070	-7.7934	-2.9299	8.3259
9.120	-7.7384	-2.8016	8.2299
9.170	-7.5665	-2.3890	7.9347
9.220	-7.3826	-1.9991	7.6485
9.270	-7.4940	-2.3094	7.8418
9.320	-7.2355	-1.7460	7.4432
9.370	-6.9592	-1.5933	7.1393
9.420	-6.5442	-1.0356	6.6256
9.470	-6.4209	-1.0565	6.5072
9.520	-4.9715	-1.1956	5.1133
9.570	-4.2832	-1.3993	4.5060
9.620	-2.6608	-1.9195	3.2809
9.670	-1.5199	-2.6618	3.0652
9.720	-0.6306	-2.9544	3.0209
9.770	0.0467	-3.5856	3.5859
9.820	0.5199	-3.7332	3.7692
9.870	0.8866	-4.1085	4.2031
9.920	0.7336	-4.6470	4.7046
9.970	1.0813	-4.6204	4.7452
10.020	0.2315	-4.5095	4.5154
10.070	-1.6436	-2.8176	3.2620
10.120	-3.6316	-1.8005	4.0534
10.170	-4.3314	-0.9656	4.4377
10.220	-4.8562	-0.9237	4.9432
10.270	-3.7244	-1.4016	3.9795
10.320	-3.1710	-2.1051	3.8061
10.370	-1.8957	-2.7581	3.3468
10.420	-1.5649	-3.5022	3.8359
10.470	-1.0598	-4.1265	4.2605
10.520	-0.6420	-4.2568	4.3049
10.570	-0.5764	-4.7783	4.8129
10.620	-0.5374	-4.9079	4.9373
10.670	-0.9698	-4.5857	4.6871
10.720	-2.6208	-2.3725	3.5351
10.770	-4.1140	-1.1031	4.2593
10.820	-4.8713	0.1060	4.8725
10.870	-5.4709	0.5479	5.4983
10.920	-5.7760	1.2814	5.9164
10.970	-5.3511	1.0478	5.4528
11.020	-4.7610	0.1464	4.7633
11.070	-3.7933	-0.9441	3.9090
11.120	-2.7846	-1.6546	3.2390
11.170	-2.4157	-2.7535	3.6629
11.220	-1.9850	-3.2218	3.7842
11.270	-1.4596	-3.7115	3.9883
11.320	-1.7690	-4.1644	4.5245
11.370	-1.6485	-4.4967	4.7894
11.420	-1.7922	-4.6355	4.9699
11.470	-1.5983	-4.7556	5.0170
11.520	-2.1517	-4.9283	5.3776
11.570	-2.4137	-5.1215	5.6618
11.620	-2.3689	-4.9627	5.4991
11.670	-2.8566	-5.1367	5.8776
11.720	-2.6805	-4.8948	5.5807
11.770	-2.8679	-4.9210	5.6957
11.820	-2.9111	-4.7151	5.5413
11.870	-2.4647	-4.5678	5.1903
11.920	-2.9208	-4.4662	5.3365
11.970	0.3477	-3.6853	3.7017
12.020	-0.7070	-3.7971	3.8623
12.070	-1.8136	-4.0152	4.4058
12.120	-2.3738	-4.0051	4.6557
12.170	-2.3378	-3.9569	4.5958
12.220	-2.4798	-3.8773	4.6025
12.270	-2.3893	-3.8145	4.5010
12.320	-2.0495	-3.6891	4.2202
12.370	-1.9955	-3.6288	4.1413
12.420	-2.0865	-3.5769	4.1409
12.470	-2.4304	-3.5586	4.3093
12.520	-2.9040	-3.5389	4.5779
12.570	-3.4409	-3.5091	4.9146
12.620	-3.9995	-3.4597	5.2882
12.670	-4.5607	-3.3878	5.6813
12.720	-5.1140	-3.2910	6.0815
12.770	-8.5404	-2.8044	8.9891
12.820	-8.3818	-2.6863	8.8017
12.870	-8.1073	-2.5775	8.5072
12.920	-7.9260	-2.4389	8.2928
12.970	-8.5094	-2.1128	8.7677
13.020	-7.8500	-2.0627	8.1165
13.070	-8.8914	-1.5599	9.0272
13.120	-9.0614	-1.2556	9.1480
13.170	-9.9566	-0.6534	9.9780
13.220	-10.4063	-0.1600	10.4076
13.270	-10.7667	0.3449	10.7722
13.320	-10.6969	0.6472	10.7164
13.370	-11.1030	1.2483	11.1729
13.420	-11.4333	1.8563	11.5830
13.470	-11.6310	2.4393	11.8841
13.520	-11.7465	3.0007	12.1237
13.570	-11.9455	3.6867	12.5015
13.620	-11.9676	4.2743	12.7080
13.670	-11.9976	4.9185	12.9667
13.720	-11.5951	6.0619	13.0841
13.770	-9.8794	8.7521	13.1985
13.820	-7.9679	11.0780	13.6459
13.870	-6.4851	12.5257	14.1049
13.920	-5.2759	13.4933	14.4881
13.970	-3.9686	13.6647	14.2293
14.020	-3.0362	13.9328	14.2598
14.070	-2.1898	14.0200	14.1899
14.120	-1.3743	13.8708	13.9387
14.170	-0.6013	13.5716	13.5849
14.220	0.1606	13.0467	13.0477
14.270	1.4758	10.9553	11.0543
14.320	2.2104	9.8398	10.0850
14.370	2.8729	8.7164	9.1777
14.420	3.5146	7.4332	8.2222
14.470	4.9217	4.4390	6.6278
14.520	4.7194	4.6376	6.6167
14.570	4.2303	5.5098	6.9465
14.620	4.1307	5.3243	6.7387
14.670	4.3008	4.5438	6.2564
14.720	4.2921	4.4779	6.2027
14.770	4.1717	3.8868	5.7018
14.820	4.1463	3.6972	5.5552
14.870	3.8736	2.7550	4.7534
14.920	2.4337	1.9126	3.0953
14.970	1.2098	1.3709	1.8284
15.020	-0.1696	0.8912	0.9072
15.070	-1.0738	0.3296	1.1232
15.120	-1.8523	-0.1134	1.8557
15.170	-2.4460	-0.2677	2.4606
15.220	-2.9072	-0.4491	2.9417
15.270	-3.2268	-0.4913	3.2640
15.320	-3.4697	-0.5624	3.5150
15.370	-3.5871	-0.6465	3.6449
15.420	-3.3395	-0.5929	3.3917
15.470	-2.1407	-0.1078	2.1434
15.520	-0.7333	0.3697	0.8212
15.570	1.4125	1.1906	1.8473
15.620	2.6494	1.5518	3.0704
15.670	3.4044	1.8406	3.8702
15.720	3.2849	1.7225	3.7091
15.770	2.1440	1.3407	2.5287
15.820	0.9701	0.8153	1.2672
15.870	-0.2586	0.4027	0.4786
15.920	-1.2467	0.0519	1.2478
15.970	-1.9725	-0.1921	1.9819
16.020	-2.5543	-0.3442	2.5774
16.070	-2.9202	-0.5476	2.9711
16.120	-3.2314	-0.6089	3.2883
16.170	-2.6888	-0.4999	2.7349
16.220	-0.3395	0.3039	0.4556
16.270	1.5465	0.8877	1.7831
16.320	2.6694	1.2012	2.9272
16.370	2.8326	1.3295	3.1291
16.420	1.8518	0.9388	2.0762
16.470	0.7654	0.6457	1.0014
16.520	-0.4293	0.1863	0.4680
16.570	-1.3491	-0.0948	1.3525
16.620	-2.0706	-0.3103	2.0937
16.670	-2.5998	-0.4182	2.6332
16.720	-2.6318	-0.4919	2.6773
16.770	-0.8417	0.1072	0.8485
16.820	1.4449	0.8014	1.6523
16.870	2.7476	1.1404	2.9749
16.920	3.4810	1.3797	3.7445
16.970	3.2670	1.8083	3.7340
17.020	1.9691	1.8768	2.7202
17.070	0.2311	4.6013	4.6071
17.120	-1.0160	4.2882	4.4069
17.170	-1.8398	3.9163	4.3269
17.220	-2.6871	4.0423	4.8539
17.270	-3.0835	4.0892	5.1215
17.320	-3.5489	4.0318	5.3712
17.370	-3.6625	4.4112	5.7335
17.420	-3.5241	8.6901	9.3775
17.470	-2.9807	11.0289	11.4246
17.520	-1.5589	13.4453	13.5353
17.570	0.0113	14.9700	14.9700
17.620	-1.1134	12.3792	12.4291
17.670	1.9088	15.2178	15.3370
17.720	5.5831	17.1001	17.9885
17.770	6.2193	16.6579	17.7810
17.820	6.3728	15.7520	16.9923
17.870	8.4851	15.6798	17.8285
17.920	10.2250	15.2075	18.3253
17.970	11.7517	14.4693	18.6404
18.020	12.9622	13.4175	18.6561
18.070	8.8335	11.4345	14.4491
18.120	11.1811	11.0966	15.7529
18.170	10.7922	9.9437	14.6747
18.220	12.1614	9.0902	15.1832
18.270	14.3825	8.1228	16.5178
18.320	13.6886	6.5320	15.1672
18.370	9.8117	3.1130	10.2937
18.420	8.5328	0.0734	8.5331
18.470	10.8085	-1.8833	10.9714
18.520	11.5688	-3.2079	12.0053
18.570	11.6306	-4.5711	12.4967
18.620	9.9251	-4.8844	11.0618
18.670	9.6220	-5.9284	11.3017
18.720	8.3734	-4.8884	9.6959
18.770	8.2904	-4.3706	9.3719
18.820	8.4125	-2.7363	8.8464
18.870	6.6806	-1.6201	6.8742
18.920	7.6440	-0.4774	7.6589
18.970	5.4610	0.3139	5.4700
19.020	6.8733	0.8704	6.9282
19.070	5.6644	0.9811	5.7487
19.120	4.9624	2.1259	5.3986
19.170	1.1442	2.7225	2.9532
19.220	2.4148	0.5162	2.4694
19.270	0.9975	-2.2828	2.4912
19.320	0.9650	-3.1288	3.2742
19.370	0.0942	-3.6552	3.6565
19.420	0.2697	-1.9561	1.9746
19.470	-0.3269	-1.1344	1.1805
19.520	0.3663	0.5666	0.6747
19.570	0.6378	0.9016	1.1044
19.620	0.3757	2.3912	2.4205
19.670	0.1727	2.4457	2.4518
19.720	0.0871	3.0852	3.0864
19.770	-0.3428	1.2896	1.3344
19.820	-1.5928	0.5078	1.6718
19.870	-2.4240	-1.9347	3.1014
19.920	-2.7215	-2.3921	3.6234
19.970	-2.9726	-3.0129	4.2325
20.020	-2.5063	-1.3064	2.8263
20.070	-2.3686	-0.7243	2.4769
20.120	-1.9556	1.0930	2.2403
20.170	-1.9470	1.5190	2.4695
20.220	-1.8176	2.8290	3.3626
20.270	-1.9586	2.8224	3.4354
20.320	-2.2639	3.8344	4.4528
20.370	-2.5334	3.1978	4.0797
20.420	-4.1219	2.6454	4.8978
20.470	-4.5929	2.0286	5.0209
20.520	-4.5404	3.0328	5.4601
20.570	-6.9536	2.9547	7.5553
20.620	-7.0053	3.5959	7.8743
20.670	-9.3335	2.9537	9.7897
20.720	-10.8996	2.6448	11.2159
20.770	-10.5137	2.2444	10.7506
20.820	-12.2228	1.1863	12.2803
20.870	-12.5879	0.3712	12.5933
20.920	-13.3941	-0.7098	13.4129
20.970	-13.7430	-1.7320	13.8517
21.020	-14.2941	-3.0503	14.6159
21.070	-14.2508	-3.9940	14.7999
21.120	-15.7261	-7.5074	17.4261
21.170	-16.0885	-11.4264	19.7333
21.220	-15.4735	-13.4747	20.5182
21.270	-14.6352	-13.6227	19.9942
21.320	-13.6540	-13.9562	19.5245
21.370	-12.5500	-15.4661	19.9174
21.420	-11.3191	-13.0424	17.2692
21.470	-10.0571	-11.7280	15.4497
21.520	-8.9833	-11.3111	14.4444
21.570	-7.8693	-9.7506	12.5300
21.620	-7.1008	-9.8217	12.1197
21.670	-6.3713	-9.4390	11.3880
21.720	-5.6119	-7.4980	9.3655
21.770	-5.1882	-7.9604	9.5019
21.820	-4.7518	-7.5559	8.9258
21.870	-4.3812	-6.3430	7.7090
21.920	-4.0967	-5.6068	6.9440
21.970	-3.8770	-5.6962	6.8904
22.020	-3.6919	-5.0316	6.2407
22.070	-3.5442	-4.2436	5.5290
22.120	-3.4209	-3.9751	5.2444
22.170	-3.3169	-3.7648	5.0176
22.220	-3.2183	-3.8267	5.0001
22.270	-3.1434	-3.5693	4.7561
22.320	-3.0942	-3.0361	4.3350
22.370	-3.0358	-2.9002	4.1985
22.420	-2.9716	-2.9737	4.2040
22.470	-2.9451	-2.5515	3.8966
22.520	-2.8903	-2.6261	3.9052
22.570	-2.8756	-2.2169	3.6310
22.620	-2.8287	-2.2860	3.6369
22.670	-2.8201	-1.9193	3.4113
22.720	-2.7932	-1.8185	3.3330
22.770	-2.7685	-1.7239	3.2613
22.820	-2.7380	-1.7183	3.2325
22.870	-2.7288	-1.4971	3.1125
22.920	-2.7097	-1.4032	3.0515
22.970	-2.6918	-1.3140	2.9954
23.020	-2.6748	-1.2274	2.9430
23.070	-2.6587	-1.1436	2.8942
23.120	-2.6430	-1.0638	2.8491
23.170	-2.6278	-0.9882	2.8075
23.220	-2.6128	-0.9175	2.7693
23.270	-2.5927	-0.9041	2.7458
23.320	-2.5850	-0.7721	2.6978
23.370	-2.5699	-0.7177	2.6683
23.420	-2.5547	-0.6704	2.6412
23.470	-2.5391	-0.6279	2.6156
23.520	-2.5236	-0.5891	2.5915
23.570	-2.5066	-0.5696	2.5705
23.620	-2.4933	-0.5131	2.5455
23.670	-2.4778	-0.4819	2.5242
23.720	-2.4622	-0.4539	2.5037
23.770	-2.4465	-0.4282	2.4837
23.820	-2.4307	-0.4051	2.4642
23.870	-2.4139	-0.3938	2.4458
23.920	-2.3985	-0.3719	2.4272
23.970	-2.3840	-0.3401	2.4081
24.020	-2.3680	-0.3253	2.3903
24.070	-2.3515	-0.3173	2.3728
24.120	-2.3357	-0.3031	2.3553
24.170	-2.3198	-0.2918	2.3381
24.220	-2.3042	-0.2793	2.3211
24.270	-2.2881	-0.2728	2.3043
24.320	-2.2563	-0.4184	2.2947
24.370	-2.2183	-0.6146	2.3019
24.420	-2.1746	-0.8483	2.3343
24.470	-2.1574	-0.8573	2.3215
24.520	-2.0697	-1.4090	2.5038
24.570	-2.0477	-1.4503	2.5093
24.620	-1.9661	-1.8922	2.7287
24.670	-1.9202	-2.0707	2.8240
24.720	-1.8752	-2.2245	2.9094
24.770	-1.8377	-2.3185	2.9585
24.820	-1.7852	-2.4884	3.0625
24.870	-1.7421	-2.5899	3.1213
24.920	-1.6916	-2.7185	3.2018
24.970	-1.6485	-2.7989	3.2483
25.020	-1.5934	-2.9300	3.3352
25.070	-1.5388	-3.0471	3.4136
25.120	-1.4849	-3.1501	3.4825
25.170	-1.4326	-3.2387	3.5415
25.220	-1.3915	-3.2758	3.5591
25.270	-1.3406	-3.3460	3.6045
25.320	-1.2847	-3.4312	3.6638
25.370	-1.2336	-3.4906	3.7022
25.420	-1.1832	-3.5438	3.7361
25.470	-1.1456	-3.5488	3.7291
25.520	-1.0915	-3.6084	3.7699
25.570	-1.0393	-3.6568	3.8016
25.620	-0.9886	-3.6981	3.8280
25.670	-0.9485	-3.7037	3.8233
25.720	-0.8943	-3.7506	3.8557
25.770	-0.8766	-3.6871	3.7899
25.820	-0.8979	-3.5101	3.6232
25.870	-0.8516	-3.5381	3.6392
25.920	-0.6584	-3.9713	4.0255
25.970	-0.3168	-4.7434	4.7540
26.020	0.1188	-5.6475	5.6488
26.070	0.6200	-6.5875	6.6166
26.120	0.8140	-6.8335	6.8818
26.170	1.8056	-8.4840	8.6740
26.220	2.3534	-9.1759	9.4729
26.270	2.9623	-9.8591	10.2945
26.320	3.5854	-10.4566	11.0542
26.370	4.0784	-10.7747	11.5207
26.420	4.5817	-11.0299	11.9437
26.470	5.1161	-11.2514	12.3599
26.520	5.7567	-11.5177	12.8762
26.570	6.2770	-11.5919	13.1823
26.620	6.9162	-11.7247	13.6126
26.670	7.4275	-11.6963	13.8554
26.720	8.0332	-11.6945	14.1878
26.770	8.5086	-11.5642	14.3571
26.820	9.0820	-11.4677	14.6284
26.870	9.4736	-11.2214	14.6856
26.920	9.9338	-11.0044	14.8249
26.970	10.1425	-10.6313	14.6933
27.020	10.0083	-10.0808	14.2053
27.070	9.7708	-9.5064	13.6323
27.120	9.2310	-8.8018	12.7548
27.170	9.3696	-8.4829	12.6392
27.220	8.0014	-6.7860	10.4916
27.270	8.5907	-3.8667	9.4208
27.320	9.1598	-0.9295	9.2068
27.370	9.2969	1.1697	9.3702
27.420	9.2043	2.7156	9.5965
27.470	8.9873	3.8561	9.7796
27.520	8.6890	4.7047	9.8809
27.570	8.1350	5.4551	9.7947
27.620	7.9996	5.7981	9.8799
27.670	7.5998	6.1667	9.7869
27.720	7.1823	6.4510	9.6540
27.770	6.7956	6.6509	9.5087
27.820	6.4447	6.7848	9.3578
27.870	6.2271	6.8132	9.2302
27.920	5.8488	6.9028	9.0475
27.970	5.6293	6.8900	8.8973
28.020	5.4442	6.8474	8.7480
28.070	5.2620	6.7970	8.5958
28.120	5.1230	6.7188	8.4491
28.170	4.9630	6.6472	8.2956
28.220	4.7510	6.6000	8.1321
28.270	4.5160	6.5610	7.9650
28.320	4.3834	6.4728	7.8173
28.370	4.0137	6.4988	7.6383
28.420	3.8061	6.4471	7.4867
28.470	3.6481	6.3718	7.3423
28.520	3.5084	6.2898	7.2021
28.570	3.3861	6.2004	7.0647
28.620	3.2755	6.1084	6.9312
28.670	3.1730	6.0138	6.7995
28.720	3.0769	5.9179	6.6700
28.770	2.9865	5.8216	6.5429
28.820	2.9109	5.7207	6.4187
28.870	2.8212	5.6282	6.2957
28.920	2.7496	5.5294	6.1753
28.970	2.6830	5.4301	6.0568
29.020	2.6203	5.3317	5.9408
29.070	2.5596	5.2299	5.8227
29.120	2.4628	5.0484	5.6171
29.170	2.3359	4.8109	5.3480
29.220	1.9828	3.9685	4.4363
29.270	1.6543	2.4679	2.9710
29.320	1.3331	1.0859	1.7194
29.370	1.1666	-0.3364	1.2141
29.420	0.9881	-1.4578	1.7611
29.470	1.0574	-2.3450	2.5724
29.520	0.5688	-2.8660	2.9219
29.570	1.5353	-3.6502	3.9599
29.620	1.1075	-3.8775	4.0326
29.670	2.1450	-4.3612	4.8601
29.720	-2.0284	-3.1734	3.7663
29.770	0.5529	-3.7735	3.8138
29.820	2.3000	-2.8855	3.6900
29.870	4.0342	-0.4381	4.0579
29.920	4.0404	1.2087	4.2173
29.970	6.0470	2.0973	6.4004
30.020	6.1996	2.0621	6.5335
30.070	5.8680	1.3047	6.0113
30.120	5.2256	0.0483	5.2259
30.170	5.0898	-0.8745	5.1644
30.220	4.4714	-1.9433	4.8754
30.270	4.8944	-2.4055	5.4535
30.320	4.9217	-3.0120	5.7702
30.370	5.2602	-3.1300	6.1210
30.420	5.3576	-3.4243	6.3584
30.470	5.8869	-2.5357	6.4098
30.520	5.6743	0.0187	5.6744
30.570	6.1533	2.5162	6.6479
30.620	5.9789	3.5828	6.9702
30.670	6.2191	4.3131	7.5684
30.720	6.2953	3.1406	7.0352
30.770	6.0969	2.4267	6.5621
30.820	6.1448	1.0152	6.2281
30.870	5.9009	0.3382	5.9105
30.920	6.2211	-0.3685	6.2320
30.970	6.3185	-0.5321	6.3408
31.020	6.6444	-0.8108	6.6937
31.070	6.5204	-0.1703	6.5227
31.120	5.7753	1.8034	6.0503
31.170	4.4986	4.3096	6.2298
31.220	4.0636	5.3745	6.7379
31.270	3.6666	5.8470	6.9015
31.320	4.1579	4.7524	6.3145
31.370	4.2499	3.9821	5.8240
31.420	4.9078	2.7751	5.6380
31.470	4.9144	1.9951	5.3039
31.520	5.7308	1.6843	5.9732
31.570	5.9357	1.5658	6.1387
31.620	6.2210	1.2850	6.3523
31.670	6.3247	1.3996	6.4777
31.720	6.6398	1.4650	6.7995
31.770	6.7372	1.8138	6.9771
31.820	6.8646	1.9254	7.1295
31.870	6.8754	2.3678	7.2717
31.920	7.0086	2.5736	7.4662
31.970	6.8878	3.0029	7.5140
32.020	6.9930	3.3979	7.7748
32.070	6.8321	3.8523	7.8434
32.120	7.9649	7.4162	10.8830
32.170	7.1296	5.8947	9.2509
32.220	6.4017	4.4748	7.8107
32.270	5.6511	3.3445	6.5666
32.320	5.1779	2.5082	5.7534
32.370	5.2671	3.5252	6.3379
32.420	4.5569	1.7754	4.8905
32.470	4.6418	2.5394	5.2910
32.520	4.7876	3.2948	5.8118
32.570	4.8508	4.1249	6.3675
32.620	4.6896	3.9519	6.1326
32.670	4.9306	6.0775	7.8261
32.720	4.8625	6.9767	8.5040
32.770	4.7223	7.6735	9.0102
32.820	3.9157	2.1688	4.4762
32.870	4.2599	5.4913	6.9499
32.920	3.4832	7.7679	8.5132
32.970	0.4771	9.6996	9.7114
33.020	-2.1867	9.6469	9.8916
33.070	-4.2209	11.7858	12.5188
33.120	-5.6062	11.9384	13.1892
33.170	-6.5492	11.5607	13.2869
33.220	-7.3191	11.2822	13.4483
33.270	-7.9392	10.8791	13.4679
33.320	-8.1500	9.6678	12.6448
33.370	-8.3140	8.6839	12.0222
33.420	-8.6132	8.1854	11.8823
33.470	-8.5048	6.9957	11.0123
33.520	-8.4761	6.0985	10.4420
33.570	-8.2878	5.4730	9.9318
33.620	-8.0039	4.4797	9.1722
33.670	-7.5096	4.5461	8.7785
33.720	-5.5148	4.6013	7.1823
33.770	-4.5135	4.5551	6.4125
33.820	-4.0869	7.2025	8.2813
33.870	-2.3100	5.4417	5.9117
33.920	-0.6909	4.2348	4.2908
33.970	0.3232	3.8383	3.8519
34.020	0.9925	3.5919	3.7265
34.070	1.4740	3.4867	3.7855
34.120	1.4136	3.2313	3.5270
34.170	-0.1377	1.8432	1.8483
34.220	-2.0979	0.2118	2.1086
34.270	-3.0923	-0.7254	3.1762
34.320	-3.1809	-0.9446	3.3182
34.370	-2.2173	-0.4617	2.2649
34.420	-1.2263	0.1094	1.2311
34.470	-0.0807	0.7179	0.7224
34.520	0.7382	1.2512	1.4528
34.570	1.3957	1.6113	2.1317
34.620	1.7733	2.0103	2.6806
34.670	2.3497	1.9264	3.0384
34.720	2.6320	2.0193	3.3174
34.770	2.8648	2.0494	3.5224
34.820	3.0617	2.0526	3.6861
34.870	3.2447	1.9701	3.7960
34.920	3.3322	1.8725	3.8223
34.970	3.2867	1.9075	3.8001
35.020	3.5501	1.5121	3.8587
35.070	3.4660	1.5632	3.8022
35.120	3.7556	1.0651	3.9037
35.170	3.6249	1.0958	3.7869
35.220	3.8739	0.6455	3.9273
35.270	3.7746	0.6505	3.8303
35.320	3.6882	0.7299	3.7598
35.370	3.6249	0.6973	3.6913
35.420	3.5104	0.8314	3.6075
35.470	3.5612	0.6396	3.6182
35.520	4.0728	-0.2519	4.0806
35.570	3.9453	-0.1474	3.9481
35.620	5.9881	-4.6003	7.5512
35.670	6.7337	-7.2507	9.8952
35.720	6.7006	-7.7684	10.2590
35.770	6.6265	-8.2868	10.6105
35.820	6.4925	-8.8649	10.9881
35.870	6.2853	-13.1613	14.5851
35.920	5.6303	-15.1801	16.1906
35.970	4.0852	-18.0737	18.5296
36.020	2.8038	-19.2346	19.4379
36.070	2.3143	-18.8142	18.9560
36.120	1.3605	-18.8668	18.9157
36.170	2.1321	-15.0658	15.2159
36.220	0.5692	-16.5847	16.5945
36.270	-0.0289	-15.7799	15.7799
36.320	1.0842	-11.3107	11.3625
36.370	0.2150	-11.9430	11.9449
36.420	-0.7524	-12.6515	12.6739
36.470	0.6071	-8.6856	8.7068
36.520	-0.3504	-9.8584	9.8647
36.570	-0.5266	-9.3800	9.3948
36.620	-0.7932	-9.1726	9.2069
36.670	-0.7369	-8.5252	8.5570
36.720	-1.1637	-8.6816	8.7593
36.770	-1.1720	-8.2713	8.3539
36.820	-0.6675	-7.2101	7.2410
36.870	-0.9918	-7.3444	7.4111
36.920	0.0477	-5.6251	5.6253
36.970	-0.3099	-5.9076	5.9157
37.020	0.6310	-4.3907	4.4358
37.070	0.6840	-4.1740	4.2297
37.120	0.5683	-4.2196	4.2577
37.170	0.5019	-4.1989	4.2288
37.220	0.6449	-3.9074	3.9603
37.270	0.2382	-4.3403	4.3469
37.320	0.1698	-4.3361	4.3395
37.370	0.1252	-4.3075	4.3094
37.420	0.0964	-4.2640	4.2651
37.470	0.0686	-4.2216	4.2221
37.520	-0.0671	-4.3026	4.3031
37.570	0.0234	-4.1259	4.1260
37.620	-0.0344	-4.1193	4.1194
37.670	-0.1131	-4.1343	4.1359
37.720	-0.2702	-4.2331	4.2417
37.770	-0.3294	-4.2239	4.2367
37.820	-0.3887	-4.2156	4.2334
37.870	-0.4862	-4.2451	4.2729
37.920	-0.5551	-4.2451	4.2813
37.970	-0.7064	-4.3229	4.3802
38.020	-0.7825	-4.3255	4.3958
38.070	-0.8241	-4.2962	4.3745
38.120	-0.8956	-4.2928	4.3852
38.170	-1.0385	-4.3517	4.4739
38.220	-1.0855	-4.3241	4.4583
38.270	-1.1503	-4.3112	4.4620
38.320	-1.1234	-4.2213	4.3682
38.370	-1.2180	-4.2324	4.4042
38.420	-0.7809	-3.8096	3.8888
38.470	-0.5527	-3.5635	3.6061
38.520	-0.3293	-3.3279	3.3442
38.570	-0.1421	-3.1276	3.1308
38.620	-0.0664	-3.0254	3.0262
38.670	0.2653	-2.7146	2.7275
38.720	0.4155	-2.5573	2.5908
38.770	0.5421	-2.4225	2.4824
38.820	0.4654	-2.4570	2.5007
38.870	-0.1390	-2.9079	2.9112
38.920	-1.0697	-3.5714	3.7281
38.970	-2.1970	-4.3147	4.8419
39.020	-3.4348	-5.0548	6.1114
39.070	-4.7278	-5.7401	7.4365
39.120	-7.9754	-7.1508	10.7117
39.170	-9.0385	-7.4344	11.7032
39.220	-10.2250	-7.6581	12.7749
39.270	-11.4808	-7.7654	13.8604
39.320	-12.1921	-7.6178	14.3763
39.370	-13.1175	-7.4084	15.0650
39.420	-13.9748	-7.0780	15.6651
39.470	-14.8479	-6.6604	16.2733
39.520	-15.8433	-6.1386	16.9910
39.570	-16.5331	-5.5173	17.4294
39.620	-17.1890	-4.8296	17.8546
39.670	-17.7302	-4.0701	18.1914
39.720	-18.2550	-3.2647	18.5446
39.770	-18.6603	-2.4129	18.8156
39.820	-18.8999	-1.5580	18.9640
39.870	-19.3696	-0.5669	19.3779
39.920	-19.4762	0.3450	19.4793
39.970	-19.5025	1.2388	19.5418
40.020	-19.4599	2.1342	19.5766
40.070	-19.3098	3.0056	19.5423
40.120	-19.2753	3.9687	19.6796
40.170	-18.8942	4.7068	19.4716
40.220	-18.6766	5.6053	19.4996
40.270	-18.2884	6.3608	19.3630
40.320	-17.8573	7.0847	19.2114
40.370	-17.4360	7.8248	19.1112
40.420	-16.8078	8.3275	18.7576
40.470	-15.8623	8.4072	17.9525
40.520	-13.9805	7.3240	15.7828
40.570	-13.0392	7.1784	14.8846
40.620	-11.7864	6.5874	13.5023
40.670	-10.4580	5.7954	11.9564
40.720	-9.0769	4.8334	10.2836
40.770	-7.7870	3.8620	8.6921
40.820	-6.5986	2.9163	7.2143
40.870	-5.5405	2.0472	5.9066
40.920	-4.6171	1.2759	4.7902
40.970	-3.5991	0.3876	3.6199
41.020	-3.1697	0.0420	3.1700
41.070	-2.6353	-0.4295	2.6701
41.120	-2.1791	-0.8086	2.3243
41.170	-1.7755	-1.1997	2.1428
41.220	-1.4997	-1.4404	2.0794
41.270	-1.2685	-1.6375	2.0713
41.320	-1.1326	-1.7523	2.0865
41.370	-1.0200	-1.8541	2.1161
41.420	-0.9555	-1.8967	2.1238
41.470	-0.9495	-1.9110	2.1339
41.520	-0.9307	-1.9362	2.1483
41.570	-0.9840	-1.8723	2.1151
41.620	-1.0023	-1.8741	2.1253
41.670	-1.0388	-1.8725	2.1413
41.720	-1.0808	-1.7625	2.0675
41.770	-1.1089	-1.7993	2.1135
41.820	-1.1499	-1.7466	2.0911
41.870	-1.1773	-1.7154	2.0805
41.920	-1.2176	-1.7279	2.1138
41.970	-1.2348	-1.6433	2.0555
42.020	-1.2741	-1.6694	2.1000
42.070	-1.3076	-1.6571	2.1108
42.120	-1.2984	-1.6158	2.0729
42.170	-1.3284	-1.6124	2.0891
42.220	-1.3787	-1.5907	2.1050
42.270	-1.3616	-1.5379	2.0541
42.320	-1.3576	-1.5113	2.0315
42.370	-1.3654	-1.5049	2.0320
42.420	-1.3338	-1.4406	1.9633
42.470	-1.3186	-1.4452	1.9563
42.520	-1.2751	-1.3963	1.8909
42.570	-1.2516	-1.3679	1.8541
42.620	-1.2280	-1.3393	1.8171
42.670	-1.1962	-1.3025	1.7684
42.720	-1.1731	-1.2738	1.7317
42.770	-0.7224	-0.7751	1.0595
42.820	1.1260	1.2727	1.6993
42.870	2.5642	2.8635	3.8438
42.920	2.5710	2.8671	3.8510
42.970	2.0399	2.2768	3.0569
43.020	1.2178	1.3611	1.8264
43.070	0.6120	0.6881	0.9209
43.120	0.1455	0.1685	0.2226
43.170	-0.1907	-0.2061	0.2807
43.220	-0.4319	-0.4749	0.6419
43.270	-0.6065	-0.6695	0.9033
43.320	-0.7291	-0.8061	1.0869
43.370	-0.8163	-0.9031	1.2173
43.420	-0.8778	-0.9722	1.3098
43.470	-0.9216	-1.0204	1.3750
43.520	-0.9515	-1.0542	1.4201
43.570	-0.9716	-1.0769	1.4504
43.620	-0.9843	-1.0918	1.4700
43.670	-0.9922	-1.1004	1.4816
43.720	-0.9959	-1.1048	1.4875
43.770	-0.7280	-0.8075	1.0872
43.820	0.8661	0.9591	1.2923
43.870	2.3806	2.6372	3.5528
43.920	2.9137	3.2277	4.3483
43.970	3.2143	3.5612	4.7973
44.020	2.7562	3.0532	4.1133
44.070	2.2173	2.4567	3.3093
44.120	3.1474	3.4870	4.6974
44.170	4.2667	4.7271	6.3679
44.220	4.9754	5.5117	7.4251
44.270	5.4508	6.0385	8.1348
44.320	5.7639	6.3863	8.6027
44.370	5.9622	6.6062	8.8989
44.420	6.0779	6.7348	9.0719
44.470	6.1340	6.7966	9.1553
44.520	6.1460	6.8098	9.1732
44.570	6.1262	6.7878	9.1436
44.620	6.0832	6.7398	9.0792
44.670	6.0232	6.6732	8.9895
44.720	5.9511	6.5934	8.8819
44.770	5.8705	6.5041	8.7616
44.820	5.7840	6.4081	8.6324
44.870	5.6936	6.3080	8.4975
44.920	5.6006	6.2051	8.3588
44.970	5.5062	6.1006	8.2180
45.020	5.4110	5.9956	8.0762
45.070	5.3162	5.8901	7.9345
45.120	5.2215	5.7853	7.7932
45.170	5.1274	5.6811	7.6528
45.220	5.0342	5.5779	7.5137
45.270	4.9423	5.4757	7.3763
45.320	4.8511	5.3749	7.2403
45.370	4.7612	5.2754	7.1063
45.420	4.6724	5.1773	6.9739
45.470	4.5849	5.0807	6.8436
45.520	4.4990	4.9852	6.7151
45.570	4.4143	4.8911	6.5886
45.620	4.3310	4.7985	6.4640
45.670	4.2489	4.7075	6.3414
45.720	4.1678	4.6179	6.2206
45.770	4.0883	4.5296	6.1018
45.820	4.0101	4.4431	5.9851
45.870	3.9273	4.3523	5.8623
45.920	3.7692	4.1759	5.6254
45.970	3.1401	3.4930	4.6970
46.020	1.9742	2.1504	2.9192
46.070	0.9934	1.1486	1.5186
46.120	0.0999	0.0577	0.1153
46.170	-0.6805	-0.7031	0.9784
46.220	-1.1889	-1.3662	1.8111
46.270	-1.6550	-1.7872	2.4358
46.320	-1.9030	-2.1788	2.8928
46.370	-2.0072	-2.5234	3.2244
46.420	-1.3683	-2.3960	2.7592
46.470	0.1654	-0.4543	0.4835
46.520	2.2769	0.3352	2.3015
46.570	2.7855	1.4184	3.1258
46.620	3.7497	0.9512	3.8685
46.670	2.7798	0.3694	2.8043
46.720	2.9161	-0.5631	2.9700
46.770	1.8940	-1.3926	2.3509
46.820	1.7030	-2.4358	2.9721
46.870	1.2016	-3.1637	3.3842
46.920	1.0676	-3.6734	3.8254
46.970	0.7813	-4.0822	4.1563
47.020	-2.4908	-2.2134	3.3322
47.070	-0.5823	-3.8033	3.8477
47.120	0.5563	-4.6178	4.6512
47.170	1.2727	-5.1823	5.3363
47.220	1.9234	-5.4724	5.8005
47.270	2.3473	-5.6876	6.1529
47.320	2.4524	-5.5345	6.0535
47.370	3.0128	-5.7039	6.4507
47.420	3.2368	-5.5333	6.4105
47.470	3.8230	-5.6506	6.8224
47.520	4.0696	-5.4516	6.8031
47.570	4.6936	-5.5101	7.2382
47.620	4.9580	-5.3082	7.2635
47.670	5.3258	-5.2441	7.4743
47.720	6.0133	-5.1081	7.8901
47.770	6.3179	-4.9614	8.0331
47.820	6.6184	-4.7610	8.1530
47.870	7.3689	-4.5783	8.6753
47.920	7.7130	-4.3416	8.8510
47.970	8.3044	-4.0729	9.2494
48.020	8.5634	-3.7919	9.3654
48.070	8.7240	-3.5054	9.4019
48.120	9.5146	-3.0988	10.0065
48.170	9.7170	-2.7514	10.0991
48.220	9.9997	-2.3652	10.2756
48.270	10.4760	-1.8922	10.6455
48.320	10.6605	-1.4733	10.7619
48.370	10.9019	-1.0092	10.9485
48.420	11.2983	-0.4434	11.3070
48.470	11.3912	0.0215	11.3912
48.520	11.5634	0.5519	11.5766
48.570	11.8358	1.1798	11.8945
48.620	11.8711	1.6990	11.9921
48.670	11.9214	2.2553	12.1329
48.720	12.1190	2.9667	12.4768
48.770	12.0587	3.5107	12.5594
48.820	12.0053	4.0895	12.6827
48.870	11.9573	4.7110	12.8519
48.920	11.9640	5.4444	13.1446
48.970	11.7755	5.9967	13.2145
49.020	11.5862	6.5822	13.3253
49.070	11.3713	7.1727	13.4445
49.120	11.1420	7.7900	13.5952
49.170	10.9588	8.5648	13.9086
49.220	10.6017	9.0704	13.9524
49.270	10.2101	9.5362	13.9709
49.320	9.6915	9.6940	13.7077
49.370	9.7885	12.0210	15.5022
49.420	8.7804	10.4308	13.6344
49.470	7.8161	8.9482	11.8812
49.520	6.9226	7.5816	10.2666
49.570	6.0898	6.2275	8.7102
49.620	5.4349	5.1685	7.5001
49.670	4.9458	4.3723	6.6013
49.720	4.5729	3.7581	5.9190
49.770	4.3112	3.3778	5.4769
49.820	3.9263	2.5629	4.6887
49.870	3.9067	2.8134	4.8143
49.920	3.7063	2.4483	4.4419
49.970	3.5150	2.0536	4.0710
50.020	3.3351	1.6529	3.7222
50.070	3.1689	1.2700	3.4139
50.120	3.0215	0.9296	3.1613
50.170	2.8960	0.6445	2.9668
50.220	2.7935	0.4194	2.8249
50.270	2.7497	0.3710	2.7746
50.320	2.6317	0.0769	2.6328
50.370	2.5761	-0.0238	2.5762
50.420	2.5296	-0.0998	2.5315
50.470	2.4874	-0.1658	2.4930
50.520	2.4475	-0.2276	2.4580
50.570	2.4030	-0.3062	2.4224
50.620	2.3726	-0.3411	2.3970
50.670	2.2909	-0.5422	2.3542
50.720	2.2365	-0.6554	2.3305
50.770	2.2165	-0.6624	2.3134
50.820	2.1571	-0.7926	2.2981
50.870	2.0742	-0.9934	2.2998
50.920	2.0353	-1.0590	2.2943
50.970	2.0014	-1.1097	2.2885
51.020	1.9699	-1.1524	2.2823
51.070	1.9484	-1.1652	2.2703
51.120	1.9363	-1.1493	2.2517
51.170	1.9038	-1.1947	2.2476
51.220	1.9333	-1.0562	2.2030
51.270	1.9300	-1.0155	2.1809
51.320	1.9256	-0.9788	2.1601
51.370	1.9202	-0.9453	2.1403
51.420	1.9143	-0.9143	2.1215
51.470	1.9081	-0.8845	2.1031
51.520	1.9022	-0.8545	2.0853
51.570	1.8964	-0.8243	2.0678
51.620	1.8908	-0.7943	2.0508
51.670	1.8810	-0.7769	2.0352
51.720	1.8792	-0.7364	2.0183
51.770	1.8721	-0.7114	2.0027
51.820	1.8639	-0.6902	1.9876
51.870	1.8548	-0.6723	1.9729
51.920	1.8449	-0.6568	1.9584
51.970	1.8352	-0.6418	1.9442
52.020	1.8233	-0.6335	1.9302
52.070	1.8118	-0.6241	1.9163
52.120	1.8002	-0.6154	1.9025
52.170	1.7884	-0.6073	1.8887
52.220	1.7767	-0.5992	1.8750
52.270	1.7647	-0.5924	1.8615
52.320	1.7525	-0.5867	1.8481
52.370	1.7409	-0.5798	1.8349
52.420	1.7285	-0.5753	1.8217
52.470	1.7162	-0.5709	1.8087
52.520	1.7041	-0.5660	1.7956
52.570	1.6921	-0.5613	1.7828
52.620	1.6796	-0.5579	1.7698
52.670	1.6676	-0.5534	1.7570
52.720	1.6553	-0.5505	1.7444
52.770	1.6434	-0.5464	1.7319
52.820	1.6314	-0.5432	1.7195
52.870	1.6195	-0.5399	1.7072
52.920	1.6078	-0.5364	1.6949
52.970	1.5965	-0.5318	1.6828
53.020	1.5848	-0.5285	1.6706
53.070	1.5734	-0.5247	1.6586
53.120	1.5617	-0.5219	1.6466
53.170	1.5506	-0.5181	1.6348
53.220	1.5393	-0.5147	1.6231
53.270	1.5283	-0.5111	1.6115
53.320	1.5173	-0.5076	1.6000
53.370	1.5064	-0.5040	1.5885
53.420	1.4956	-0.5005	1.5771
53.470	1.4851	-0.4962	1.5658
53.520	1.4743	-0.4931	1.5545
53.570	1.4639	-0.4893	1.5435
53.620	1.4534	-0.4857	1.5324
53.670	0.8471	-0.2827	0.8930
53.720	-1.7678	0.5914	1.8641
53.770	-4.2945	1.4359	4.5282
53.820	-5.9241	1.9810	6.2466
53.870	-7.0281	2.3499	7.4105
53.920	-7.7758	2.5999	8.1990
53.970	-8.2755	2.7671	8.7259
54.020	-8.6032	2.8637	9.0673
54.070	-8.8161	2.8810	9.2749
54.120	-8.9441	2.8454	9.3858
54.170	-9.0065	2.7799	9.4258
54.220	-9.0182	2.7005	9.4138
54.270	-8.9899	2.6185	9.3635
54.320	-8.9302	2.5417	9.2849
54.370	-8.8457	2.4744	9.1852
54.420	-8.7423	2.4163	9.0701
54.470	-8.6253	2.3662	8.9440
54.520	-8.4986	2.3231	8.8104
54.570	-8.3646	2.2864	8.6714
54.620	-8.2259	2.2548	8.5294
54.670	-8.0841	2.2267	8.3852
54.720	-7.9403	2.2028	8.2402
54.770	-7.7954	2.1820	8.0950
54.820	-7.6505	2.1634	7.9505
54.870	-7.5054	2.1483	7.8068
54.920	-7.3609	2.1346	7.6642
54.970	-7.2180	2.1213	7.5232
55.020	-7.0766	2.1080	7.3839
55.070	-6.9376	2.0939	7.2467
55.120	-6.8004	2.0793	7.1112
55.170	-6.6658	2.0631	6.9778
55.220	-6.5333	2.0468	6.8464
55.270	-6.4038	2.0278	6.7172
55.320	-6.2757	2.0100	6.5897
55.370	-6.1508	1.9896	6.4646
55.420	-6.0275	1.9699	6.3412
55.470	-5.9086	1.9443	6.2203
55.520	-5.7822	1.9432	6.1000
55.570	-5.6675	1.9144	5.9821
55.620	-5.4930	1.9241	5.8203
55.670	-5.2649	1.8620	5.5845
55.720	-4.3390	1.5523	4.6083
55.770	-2.8149	0.9410	2.9681
55.820	-1.4797	0.4368	1.5428
55.870	-0.1529	-0.0335	0.1565
55.920	0.8620	-0.4483	0.9716
55.970	1.5214	-1.0444	1.8454
56.020	2.1430	-1.1915	2.4519
56.070	2.2049	-2.2287	3.1350
56.120	2.4033	-2.6065	3.5453
56.170	2.6804	-2.4795	3.6514
56.220	1.6392	-3.3552	3.7342
56.270	-2.1845	-4.7105	5.1924
56.320	-3.7016	-3.3378	4.9842
56.370	-4.7306	-2.3439	5.2795
56.420	-5.2462	-1.8519	5.5635
56.470	-5.0146	-1.2401	5.1657
56.520	-3.7684	-1.8350	4.1914
56.570	-2.9320	-2.3511	3.7582
56.620	-1.7504	-3.1547	3.6078
56.670	-1.2104	-3.7640	3.9539
56.720	-0.6189	-4.3713	4.4149
56.770	-0.4948	-4.8217	4.8471
56.820	-0.1167	-5.0858	5.0871
56.870	-3.0156	-7.9812	8.5319
56.920	-1.2208	-5.6890	5.8185
56.970	-5.7887	-7.0397	9.1140
57.020	-6.4431	-7.6536	10.0046
57.070	-4.6035	-6.7354	8.1583
57.120	-4.3919	-7.0930	8.3426
57.170	-4.5937	-7.0673	8.4290
57.220	-3.6283	-6.7554	7.6681
57.270	-4.7578	-6.9971	8.4615
57.320	-5.4703	-7.2913	9.1152
57.370	-5.0168	-6.7140	8.3813
57.420	-5.5960	-6.7572	8.7735
57.470	-7.7018	-6.8299	10.2939
57.520	-8.5891	-6.6795	10.8807
57.570	-7.1218	-6.0641	9.3537
57.620	-8.8749	-5.9139	10.6648
57.670	-9.9650	-5.4922	11.3783
57.720	-10.2780	-5.0712	11.4610
57.770	-11.9768	-4.4061	12.7616
57.820	-10.9490	-4.1043	11.6929
57.870	-12.3944	-3.3115	12.8291
57.920	-13.1525	-2.5324	13.3941
57.970	-13.0945	-1.9686	13.2416
58.020	-7.7932	-3.0112	8.3547
58.070	-12.4447	-1.1049	12.4937
58.120	-8.3789	-2.1263	8.6445
58.170	-8.9077	-1.5907	9.0486
58.220	-11.1414	-0.2359	11.1439
58.270	-11.5280	0.4616	11.5373
58.320	-11.8918	1.1971	11.9519
58.370	-11.5036	1.4414	11.5936
58.420	-11.5371	1.9711	11.7043
58.470	-6.6688	-0.7433	6.7101
58.520	-7.1201	-0.2117	7.1232
58.570	-10.4824	2.4994	10.7763
58.620	-9.9507	2.4952	10.2588
58.670	-9.3608	2.3988	9.6632
58.720	-9.2808	2.7234	9.6722
58.770	-8.8379	2.6869	9.2373
58.820	-8.8878	3.1242	9.4209
58.870	-8.4011	2.9956	8.9192
58.920	-8.4991	3.4893	9.1874
58.970	-8.1004	3.4139	8.7904
59.020	-8.0692	3.7632	8.9036
59.070	-7.7768	3.7774	8.6457
59.120	-7.8901	4.3348	9.0025
59.170	-7.8566	4.7198	9.1653
59.220	-7.5818	4.7332	8.9379
59.270	-7.3982	4.8763	8.8607
59.320	-7.4956	5.5274	9.3133
59.370	-7.2458	5.5665	9.1371
59.420	-7.2742	6.1776	9.5434
59.470	-7.0109	6.1898	9.3523
59.520	-6.8858	6.5225	9.4846
59.570	-6.7390	6.8342	9.5979
59.620	-6.6613	7.3969	9.9542
59.670	-6.4663	7.6653	10.0284
59.720	-6.2363	7.8357	10.0145
59.770	-5.9555	7.8059	9.8183
59.820	-5.7113	7.9105	9.7568
59.870	-5.5036	8.2130	9.8865
59.920	-5.2981	8.6199	10.1179
59.970	-5.0886	9.1934	10.5077
60.020	-4.7998	9.1493	10.3319
60.070	-4.2436	6.4283	7.7026
60.120	-4.1195	7.0127	8.1331
60.170	-3.9568	7.4589	8.4434
60.220	-3.7545	7.5313	8.4153
60.270	-3.5471	7.2784	8.0967
60.320	-3.3477	6.5497	7.3557
60.370	-3.1774	5.9446	6.7405
60.420	-3.0402	5.9237	6.6583
60.470	-2.8838	4.2824	5.1629
60.520	-2.7723	3.6315	4.5687
60.570	-2.6858	3.1617	4.1484
60.620	-2.6163	2.8080	3.8380
60.670	-2.5543	2.4139	3.5144
60.720	-2.5083	2.3630	3.4460
60.770	-2.4631	2.1780	3.2880
60.820	-2.4233	2.0033	3.1441
60.870	-2.3881	1.8370	3.0129
60.920	-2.3566	1.6798	2.8940
60.970	-2.3279	1.5389	2.7906
61.020	-2.3014	1.4187	2.7035
61.070	-2.2768	1.3251	2.6343
61.120	-2.2536	1.2581	2.5810
61.170	-2.2318	1.2122	2.5397
61.220	-2.2108	1.1782	2.5052
61.270	-2.1904	1.1758	2.4860
61.320	-2.1704	1.1882	2.4744
61.370	-2.1510	1.1798	2.4533
61.420	-2.1320	1.1775	2.4355
61.470	-2.1131	1.1769	2.4187
61.520	-2.0944	1.1798	2.4039
61.570	-2.0760	1.1859	2.3908
61.620	-2.0576	1.1923	2.3781
61.670	-2.0393	1.2042	2.3683
61.720	-2.0210	1.2179	2.3596
61.770	-2.0026	1.2339	2.3523
61.820	-1.9843	1.2507	2.3456
61.870	-1.9659	1.2696	2.3402
61.920	-1.9470	1.3043	2.3435
61.970	-1.9289	1.3156	2.3349
62.020	-1.9109	1.3288	2.3275
62.070	-1.8924	1.3484	2.3237
62.120	-1.8746	1.3572	2.3143
62.170	-1.8562	1.3763	2.3108
62.220	-1.8381	1.3897	2.3043
62.270	-1.8199	1.4056	2.2995
62.320	-1.8016	1.4226	2.2956
62.370	-1.7833	1.4406	2.2924
62.420	-1.7652	1.4543	2.2871
62.470	-1.7455	1.4901	2.2950
62.520	-1.7274	1.5038	2.2902
62.570	-1.7094	1.5151	2.2842
62.620	-1.6908	1.5341	2.2830
62.670	-1.6735	1.5388	2.2734
62.720	-1.6549	1.5582	2.2730
62.770	-1.6419	1.5156	2.2345
62.820	-1.6237	1.5322	2.2325
62.870	-1.6327	1.2704	2.0687
62.920	-1.6302	1.1290	1.9830
62.970	-1.6282	0.9898	1.9055
63.020	-1.6261	0.8593	1.8392
63.070	-1.6229	0.7431	1.7849
63.120	-1.6191	0.6394	1.7408
63.170	-1.6165	0.5238	1.6993
63.220	-1.6110	0.4440	1.6711
63.270	-1.6040	0.3832	1.6492
63.320	-1.5958	0.3384	1.6313
63.370	-1.5870	0.3017	1.6155
63.420	-1.5798	0.2493	1.5993
63.470	-1.5722	0.2024	1.5851
63.520	-1.5641	0.1625	1.5725
63.570	-1.5553	0.1313	1.5609
63.620	-1.5459	0.1094	1.5498
63.670	-1.5360	0.0942	1.5389
63.720	-1.1353	0.0519	1.1365
63.770	1.2420	-0.1518	1.2512
63.820	3.4963	-0.3412	3.5129
63.870	3.9651	-0.3764	3.9830
63.920	3.3416	-0.2805	3.3534
63.970	2.0946	-0.1755	2.1020
64.020	1.1160	0.1381	1.1245
64.070	0.3766	0.2084	0.4304
64.120	-0.1397	0.5035	0.5225
64.170	-0.5217	0.5848	0.7836
64.220	-0.7912	0.6834	1.0455
64.270	-1.0052	0.5462	1.1440
64.320	-1.1369	0.6599	1.3146
64.370	-1.2623	0.4174	1.3295
64.420	-1.3383	0.3723	1.3892
64.470	-1.3913	0.3400	1.4323
64.520	-1.4272	0.3194	1.4625
64.570	-1.4507	0.3043	1.4822
64.620	-1.4720	0.2199	1.4884
64.670	-1.4717	0.2933	1.5006
64.720	-1.2630	0.2561	1.2887
64.770	-0.1590	0.1277	0.2040
64.820	2.7045	-0.1753	2.7101
64.870	4.4314	-0.3676	4.4466
64.920	4.3417	-0.3843	4.3587
64.970	3.3852	-0.3113	3.3995
65.020	2.0771	-0.1998	2.0867
65.070	1.0735	-0.1123	1.0793
65.120	0.3307	-0.0450	0.3337
65.170	-0.2121	-0.0137	0.2126
65.220	-0.5962	0.0496	0.5983
65.270	-0.8729	0.0781	0.8764
65.320	-1.0711	0.0967	1.0754
65.370	-1.2127	0.1102	1.2177
65.420	-1.3128	0.1262	1.3188
65.470	-1.3849	0.1199	1.3901
65.520	-1.4342	0.1226	1.4394
65.570	-1.4674	0.1252	1.4727
65.620	-1.4887	0.1284	1.4943
65.670	-1.5018	0.1276	1.5073
65.720	-1.5078	0.1354	1.5139
65.770	-1.5097	0.1379	1.5159
65.820	-1.5082	0.1401	1.5147
65.870	-1.1615	0.1087	1.1665
65.920	0.4895	-0.0467	0.4918
65.970	2.9218	-0.2773	2.9349
66.020	4.3310	-0.4106	4.3504
66.070	4.4627	-0.4234	4.4828
66.120	3.4031	-0.3233	3.4184
66.170	2.0802	-0.1973	2.0895
66.220	1.0739	-0.1023	1.0788
66.270	0.3326	0.0035	0.3326
66.320	-0.2098	0.0526	0.2163
66.370	-0.5526	0.5266	0.7633
66.420	-0.8313	0.5406	0.9916
66.470	-0.9525	1.2191	1.5470
66.520	-1.0863	1.2986	1.6931
66.570	-1.1140	1.8451	2.1553
66.620	-1.1496	2.0848	2.3808
66.670	-1.1660	2.2843	2.5647
66.720	-1.1677	2.4535	2.7172
66.770	-0.5369	2.5223	2.5788
66.820	2.1782	2.2548	3.1350
66.870	4.8155	1.9475	5.1944
66.920	6.5148	1.7203	6.7381
66.970	7.6678	1.5604	7.8249
67.020	8.4490	1.4346	8.5699
67.070	8.9703	1.3223	9.0672
67.120	9.3045	1.2093	9.3827
67.170	9.5094	1.1237	9.5756
67.220	9.6034	0.9735	9.6526
67.270	9.6259	0.8339	9.6619
67.320	9.5931	0.6891	9.6178
67.370	9.5201	0.5441	9.5357
67.420	9.4172	0.3999	9.4256
67.470	9.2925	0.2598	9.2961
67.520	9.1579	0.1466	9.1590
67.570	9.0055	0.0079	9.0055
67.620	8.8466	-0.1200	8.8474
67.670	8.6833	-0.2409	8.6866
67.720	8.5181	-0.3516	8.5254
67.770	8.3529	-0.4525	8.3651
67.820	8.1882	-0.5441	8.2062
67.870	8.0253	-0.6261	8.0497
67.920	7.8719	-0.6720	7.9005
67.970	7.7085	-0.7572	7.7456
68.020	7.5385	-0.8691	7.5884
68.070	7.3661	-0.9915	7.4326
68.120	7.1959	-1.1087	7.2808
68.170	7.0311	-1.2101	7.1344
68.220	6.8729	-1.2923	6.9933
68.270	6.7216	-1.3549	6.8568
68.320	6.5767	-1.3998	6.7240
68.370	6.4371	-1.4319	6.5945
68.420	6.3052	-1.4431	6.4682
68.470	6.1732	-1.4611	6.3438
68.520	6.0401	-1.4897	6.2211
68.570	5.8505	-1.7331	6.1018
68.620	5.6376	-2.0779	6.0083
68.670	5.4318	-2.4027	5.9395
68.720	5.1528	-2.5840	5.7644
68.770	4.9713	-2.2374	5.4516
68.820	3.9964	-2.8021	4.8808
68.870	2.4527	-2.4516	3.4679
68.920	1.2049	-1.9069	2.2556
68.970	-0.3117	-2.0922	2.1153
69.020	-1.3044	-2.0000	2.3878
69.070	-2.1865	-1.8564	2.8683
69.120	-2.7438	-1.9425	3.3618
69.170	-3.2581	-1.9674	3.8060
69.220	-3.5191	-2.1763	4.1377
69.270	-3.7986	-2.3116	4.4466
69.320	-3.8640	-2.3405	4.5176
69.370	-2.9771	0.7133	3.0614
69.420	-0.3727	-0.5766	0.6865
69.470	1.4131	-3.0057	3.3213
69.520	2.7378	-2.7171	3.8572
69.570	3.4971	-3.6573	5.0602
69.620	4.2221	-4.1746	5.9374
69.670	3.9249	-4.8446	6.2349
69.720	2.7772	-4.1954	5.0313
69.770	1.3272	-3.9139	4.1328
69.820	0.2333	-3.8294	3.8365
69.870	-0.9704	-3.5290	3.6600
69.920	-1.5726	-3.5037	3.8405
69.970	-2.2070	-3.7911	4.3867
70.020	-2.4329	-4.0043	4.6854
70.070	-2.7629	-4.1602	4.9941
70.120	-2.7318	-4.5427	5.3008
70.170	-2.5761	-4.5459	5.2251
70.220	-0.7960	-4.5425	4.6117
70.270	1.7043	-3.8840	4.2415
70.320	3.6073	-3.7013	5.1684
70.370	4.1370	-3.4648	5.3963
70.420	4.4008	-3.4994	5.6225
70.470	3.4236	-3.6609	5.0123
70.520	2.4975	-3.7108	4.4730
70.570	1.0897	-3.9924	4.1384
70.620	0.4213	-4.2861	4.3067
70.670	-0.2854	-4.7139	4.7225
70.720	-0.4582	-5.1051	5.1256
70.770	-0.6668	-5.6191	5.6585
70.820	0.0065	-6.1778	6.1778
70.870	1.5149	-5.7601	5.9560
70.920	3.8560	-4.0458	5.5891
70.970	5.4730	-4.7487	7.2460
71.020	5.6991	-5.2846	7.7722
71.070	4.9749	-5.9263	7.7377
71.120	4.5172	-6.3217	7.7697
71.170	4.1257	-7.1117	8.2218
71.220	4.1224	-7.3017	8.3851
71.270	4.2722	-7.8886	8.9711
71.320	4.6644	-7.9591	9.2251
71.370	5.1843	-8.3213	9.8042
71.420	5.8688	-8.2142	10.0954
71.470	6.5800	-8.3772	10.6524
71.520	7.9341	-8.2368	11.4366
71.570	6.2618	-7.5560	9.8134
71.620	7.3137	-7.2070	10.2679
71.670	11.6951	-7.2739	13.7726
71.720	15.7105	-5.9498	16.7994
71.770	17.2880	-4.6118	17.8925
71.820	16.9882	-3.9783	17.4478
71.870	16.8118	-3.1750	17.1090
71.920	10.6124	-4.3310	11.4621
71.970	14.3444	-2.4114	14.5457
72.020	17.8331	0.5434	17.8414
72.070	17.4645	1.5223	17.5307
72.120	17.3292	2.7376	17.5441
72.170	15.8913	2.6812	16.1159
72.220	14.4122	2.5457	14.6353
72.270	13.6659	2.9905	13.9893
72.320	12.8110	3.2578	13.2188
72.370	11.4920	2.9557	11.8660
72.420	11.6845	4.0853	12.3781
72.470	9.9856	3.0944	10.4541
72.520	9.0102	2.7432	9.4186
72.570	8.6184	2.9117	9.0970
72.620	8.0947	2.8460	8.5804
72.670	7.3972	2.4793	7.8016
72.720	7.0472	2.4526	7.4617
72.770	6.6649	2.3230	7.0581
72.820	5.6370	2.4685	6.1538
72.870	3.1572	4.0822	5.1606
72.920	0.9167	5.3686	5.4463
72.970	-0.5487	5.9613	5.9865
73.020	-1.5737	6.1915	6.3883
73.070	-2.3093	6.1957	6.6120
73.120	-2.6970	6.2736	6.8287
73.170	-3.3238	5.7432	6.6356
73.220	-3.6050	5.5020	6.5778
73.270	-3.8121	5.2548	6.4920
73.320	-3.9547	4.9983	6.3736
73.370	-4.0748	4.7587	6.2649
73.420	-4.0918	4.4876	6.0730
73.470	-4.1258	4.2268	5.9066
73.520	-4.0609	3.9446	5.6614
73.570	-3.8595	3.7325	5.3691
73.620	-3.8027	3.3949	5.0976
73.670	-1.6613	1.9270	2.5443
73.720	-1.3998	1.5519	2.0900
73.770	0.9791	-0.0667	0.9814
73.820	0.9311	-0.0538	0.9326
73.870	2.3747	-1.0143	2.5822
73.920	2.0403	-0.8566	2.2128
73.970	2.3766	-1.0454	2.5964
74.020	2.7737	-1.2405	3.0385
74.070	2.6775	-1.3465	2.9970
74.120	1.5714	-0.6938	1.7177
74.170	-0.5490	0.7343	0.9168
74.220	-1.8983	1.5263	2.4358
74.270	-2.5763	2.0281	3.2787
74.320	-2.5780	1.9331	3.2223
74.370	-1.7331	1.4470	2.2577
74.420	-0.7554	0.7185	1.0425
74.470	0.3513	0.0785	0.3600
74.520	1.1634	-0.5316	1.2791
74.570	1.8309	-0.8876	2.0347
74.620	2.2798	-1.2534	2.6017
74.670	2.6513	-1.4246	3.0098
74.720	2.4104	-1.3472	2.7613
74.770	0.9793	-0.4379	1.0727
74.820	-0.7706	0.6378	1.0003
74.870	-2.2477	1.6140	2.7671
74.920	-3.0056	2.0783	3.6542
74.970	-3.0305	1.8967	3.5752
75.020	-2.1019	1.0980	2.3714
75.070	-1.0870	0.3966	1.1571
75.120	-0.0804	-0.4592	0.4662
75.170	0.7609	-1.0493	1.2961
75.220	1.4482	-1.4014	2.0153
75.270	1.7062	-2.0881	2.6965
75.320	1.9646	-2.4293	3.1243
75.370	2.2025	-2.6365	3.4354
75.420	1.6441	-2.4522	2.9524
75.470	-0.4264	-1.0938	1.1740
75.520	-2.1740	-0.0872	2.1757
75.570	-3.0853	0.5968	3.1425
75.620	-3.4501	0.5632	3.4958
75.670	-2.8317	0.1646	2.8365
75.720	-2.1869	-0.1880	2.1950
75.770	-1.1832	-1.1202	1.6293
75.820	-0.3852	-1.8162	1.8566
75.870	0.3681	-2.3414	2.3701
75.920	0.6085	-2.9666	3.0283
75.970	1.0630	-3.2275	3.3981
76.020	0.8846	-3.2118	3.3314
76.070	-0.3290	-2.2113	2.2356
76.120	-2.1998	-1.0724	2.4473
76.170	-3.3908	0.1781	3.3955
76.220	-3.8672	0.5568	3.9071
76.270	-3.7464	0.4816	3.7773
76.320	-3.7384	0.7122	3.8056
76.370	-3.2943	0.0554	3.2948
76.420	-2.3964	-0.6497	2.4829
76.470	-2.9623	-2.9775	4.2001
76.520	0.1404	-1.4690	1.4757
76.570	0.2909	-2.5009	2.5178
76.620	0.4211	-3.0482	3.0772
76.670	-1.2288	-4.9997	5.1485
76.720	1.5070	-3.0543	3.4058
76.770	1.0489	-3.7648	3.9082
76.820	0.9262	-3.9604	4.0673
76.870	-1.8558	-5.2281	5.5477
76.920	-0.8001	-1.0221	1.2980
76.970	-2.5941	0.0839	2.5955
77.020	-5.6476	-0.2706	5.6540
77.070	-3.2407	2.1534	3.8909
77.120	-4.0671	2.4141	4.7296
77.170	-4.1193	1.9066	4.5392
77.220	-5.4829	-0.2438	5.4883
77.270	-1.6101	0.3809	1.6546
77.320	-1.5445	-1.0009	1.8405
77.370	-1.0169	-2.0056	2.2487
77.420	-2.9887	-3.8354	4.8623
77.470	0.4982	-2.7074	2.7529
77.520	-0.0975	-3.4358	3.4372
77.570	-0.1279	-3.8633	3.8654
77.620	-0.1452	-4.0302	4.0328
77.670	-2.7179	-5.4232	6.0662
77.720	0.2513	-4.1095	4.1172
77.770	-0.2084	-4.4164	4.4213
77.820	-2.9387	-5.4775	6.2160
77.870	0.4018	-4.1598	4.1792
77.920	-0.3538	-4.2962	4.3107
77.970	-0.4683	-4.3459	4.3710
78.020	-0.8775	-4.3958	4.4825
78.070	-0.7106	-4.3048	4.3630
78.120	-0.6717	-4.1536	4.2075
78.170	-0.7925	-4.1552	4.2301
78.220	-0.9509	-4.0915	4.2006
78.270	-0.3204	-3.8458	3.8591
78.320	-0.4521	-3.7940	3.8208
78.370	-0.6095	-3.8200	3.8683
78.420	-0.3380	-3.6549	3.6705
78.470	-1.4106	-3.9403	4.1852
78.520	-2.4501	-4.1389	4.8098
78.570	-2.2406	-4.0332	4.6137
78.620	-7.1167	-4.6082	8.4783
78.670	-8.8999	-4.5415	9.9917
78.720	-11.1675	-4.1607	11.9174
78.770	-14.5807	-3.0194	14.8901
78.820	-16.1834	-2.0746	16.3159
78.870	-16.2100	-1.5930	16.2881
78.920	-18.8547	0.8945	18.8760
78.970	-19.3068	2.1035	19.4210
79.020	-20.6079	5.1568	21.2433
79.070	-20.9249	7.7766	22.3232
79.120	-20.6560	9.8543	22.8862
79.170	-20.0976	11.7333	23.2720
79.220	-19.3381	12.9027	23.2474
79.270	-17.7594	11.5240	21.1707
79.320	-16.7277	12.4660	20.8619
79.370	-14.9415	11.4466	18.8222
79.420	-13.9059	12.1926	18.4941
79.470	-12.8562	12.8135	18.1513
79.520	-10.1732	8.6525	13.3552
79.570	-10.1595	10.7649	14.8020
79.620	-9.5305	11.7781	15.1510
79.670	-8.6119	11.7120	14.5374
79.720	-7.6773	10.8852	13.3202
79.770	-6.8571	9.8436	11.9965
79.820	-6.2600	9.5879	11.4506
79.870	-5.7411	9.3419	10.9650
79.920	-5.2904	9.1714	10.5879
79.970	-4.8910	9.1950	10.4149
80.020	-4.5238	8.6486	9.7603
80.070	-4.1879	8.8744	9.8129
80.120	-3.8699	8.8504	9.6595
80.170	-3.6316	4.1742	5.5328
80.220	-3.4890	5.0035	6.0999
80.270	-3.3099	6.2151	7.0415
80.320	-3.1564	5.8254	6.6256
80.370	-2.9232	6.6810	7.2925
80.420	-2.7969	6.3541	6.9424
80.470	-2.7151	5.8456	6.4453
80.520	-2.6636	5.2373	5.8757
80.570	-2.5222	5.4487	6.0042
80.620	-2.6460	3.6132	4.4784
80.670	-2.6207	3.1190	4.0738
80.720	-2.5910	2.8233	3.8320
80.770	-2.5319	2.8821	3.8363
80.820	-2.4429	3.1694	4.0016
80.870	-2.3288	3.5637	4.2571
80.920	-2.3208	3.2944	4.0298
80.970	-2.1572	3.9291	4.4824
81.020	-1.8113	5.2599	5.5630
81.070	-1.7648	5.1919	5.4836
81.120	-1.4808	5.9960	6.1762
81.170	-1.3258	6.2493	6.3884
81.220	-1.1639	6.4738	6.5776
81.270	-0.9863	6.6955	6.7677
81.320	-0.7540	7.0205	7.0609
81.370	-0.5171	7.2996	7.3179
81.420	-0.2017	7.7137	7.7164
81.470	0.0222	7.8627	7.8627
81.520	0.3436	8.1822	8.1894
81.570	0.5585	8.2485	8.2673
81.620	0.8207	8.3832	8.4233
81.670	1.1872	8.6687	8.7496
81.720	1.4240	8.7024	8.8182
81.770	1.7603	8.8720	9.0449
81.820	2.1344	9.0635	9.3114
81.870	2.3460	9.0038	9.3044
81.920	2.6609	9.0698	9.4521
81.970	2.9418	9.0740	9.5390
82.020	3.3238	9.1803	9.7635
82.070	3.5303	9.0693	9.7322
82.120	3.9145	9.1392	9.9422
82.170	4.2127	9.1016	10.0293
82.220	4.4882	9.0316	10.0853
82.270	4.6901	8.8875	10.0491
82.320	5.0833	8.9022	10.2513
82.370	5.3667	8.8093	10.3153
82.420	5.5724	8.6502	10.2897
82.470	6.0379	8.6719	10.5669
82.520	6.2289	8.4871	10.5276
82.570	6.5202	8.3645	10.6056
82.620	5.9475	7.7083	9.7361
82.670	5.4834	7.1481	9.0090
82.720	4.9790	6.5918	8.2609
82.770	4.7949	6.2679	7.8916
82.820	4.6640	5.9983	7.5982
82.870	4.8022	5.8980	7.6058
82.920	4.4918	5.5548	7.1437
82.970	5.1975	5.7597	7.7581
83.020	5.4455	5.7105	7.8907
83.070	5.7033	5.6654	8.0389
83.120	6.0602	5.6586	8.2913
83.170	6.3880	5.6295	8.5145
83.220	6.7283	5.5920	8.7488
83.270	6.8703	5.4721	8.7832
83.320	7.0478	5.3564	8.8522
83.370	7.3669	5.2736	9.0600
83.420	7.5587	5.1406	9.1411
83.470	7.8205	5.0168	9.2913
83.520	8.0946	4.8835	9.4537
83.570	8.4377	4.7510	9.6834
83.620	8.5856	4.5705	9.7264
83.670	8.9210	4.4115	9.9521
83.720	9.2017	4.2309	10.1278
83.770	9.3287	4.0243	10.1597
83.820	9.5675	3.8207	10.3021
83.870	9.7779	3.6047	10.4212
83.920	9.8466	3.3767	10.4095
83.970	10.0167	3.1458	10.4990
84.020	9.9624	2.9132	10.3796
84.070	9.4537	2.7013	9.8320
84.120	8.4387	2.5211	8.8073
84.170	7.1280	2.3648	7.5101
84.220	5.6106	2.2269	6.0364
84.270	4.1082	2.1088	4.6178
84.320	2.6430	2.0085	3.3195
84.370	1.3776	1.9275	2.3691
84.420	0.1058	1.8390	1.8420
84.470	-0.6569	1.7757	1.8933
84.520	-1.4605	1.6879	2.2320
84.570	-2.1489	1.5961	2.6768
84.620	-2.7477	1.5020	3.1314
84.670	-3.2268	1.4120	3.5222
84.720	-3.6984	1.3121	3.9242
84.770	-4.0846	1.2134	4.2610
84.820	-4.4012	1.1169	4.5407
84.870	-4.5992	1.0350	4.7142
84.920	-4.8022	0.9462	4.8945
84.970	-4.9581	0.8618	5.0325
85.020	-5.0281	0.7923	5.0902
85.070	-5.1800	0.6999	5.2271
85.120	-5.0472	0.6748	5.0922
85.170	-5.0620	0.6130	5.0990
85.220	-5.0721	0.5515	5.1020
85.270	-5.0766	0.4909	5.1003
85.320	-4.9211	0.4763	4.9441
85.370	-4.8924	0.4275	4.9110
85.420	-4.6070	0.4578	4.6297
85.470	-3.6963	0.6778	3.7580
85.520	-3.2149	0.7776	3.3076
85.570	-2.6236	0.2940	2.6400
85.620	-1.5536	-2.0602	2.5803
85.670	-0.5816	-4.1441	4.1847
85.720	-0.2750	-4.1023	4.1115
85.770	-0.1144	-3.2019	3.2039
85.820	-0.3481	-2.0025	2.0325
85.870	-0.3759	-1.0429	1.1086
85.920	-0.3561	-0.3220	0.4801
85.970	-0.3519	0.1990	0.4042
86.020	-0.2446	0.6001	0.6481
86.070	-0.1940	0.8803	0.9014
86.120	-0.2024	1.0693	1.0882
86.170	-0.1263	1.2259	1.2323
86.220	-0.1207	1.3244	1.3299
86.270	-0.1296	1.3902	1.3963
86.320	-0.1481	1.4325	1.4402
86.370	-0.1708	1.4582	1.4682
86.420	-0.1536	1.4831	1.4910
86.470	-0.2283	1.4756	1.4932
86.520	-0.2342	1.4801	1.4985
86.570	-0.1700	1.0931	1.1063
86.620	0.4236	-1.2073	1.2795
86.670	1.0348	-3.3770	3.5320
86.720	1.1993	-3.6797	3.8702
86.770	0.9844	-2.9163	3.0780
86.820	0.9433	-1.6714	1.9192
86.870	0.8233	-0.7368	1.1048
86.920	0.7061	-0.0539	0.7082
86.970	0.7146	0.4640	0.8520
87.020	0.6941	0.8281	1.0805
87.070	0.6887	1.0909	1.2901
87.120	0.7356	1.2904	1.4854
87.170	0.7014	1.4169	1.5810
87.220	0.7235	1.5165	1.6803
87.270	0.7534	1.5891	1.7586
87.320	0.7864	1.6409	1.8197
87.370	0.7926	1.6716	1.8500
87.420	0.8574	1.7031	1.9068
87.470	0.8858	1.7185	1.9334
87.520	0.9023	1.7251	1.9469
87.570	1.0601	1.1573	1.5695
87.620	1.5974	-1.2999	2.0595
87.670	2.0476	-3.4950	4.0507
87.720	2.0632	-3.5571	4.1122
87.770	1.8988	-2.7413	3.3347
87.820	1.6651	-1.5451	2.2715
87.870	1.4447	-0.6380	1.5793
87.920	1.2864	0.0312	1.2867
87.970	1.1665	0.5155	1.2753
88.020	1.0783	0.8624	1.3808
88.070	1.0164	1.1112	1.5060
88.120	0.9843	1.2911	1.6235
88.170	0.9496	1.4170	1.7057
88.220	0.9305	1.5067	1.7708
88.270	0.9180	1.5690	1.8179
88.320	0.9132	1.6120	1.8527
88.370	0.9165	1.6411	1.8797
88.420	0.9188	1.6589	1.8964
88.470	0.9268	1.6694	1.9094
88.520	0.8988	1.6682	1.8949
88.570	0.8944	1.2703	1.5535
88.620	1.1759	-1.0662	1.5873
88.670	1.4077	-3.3184	3.6046
88.720	1.3399	-3.6548	3.8927
88.770	1.0976	-2.8718	3.0744
88.820	0.7979	-1.6999	1.8779
88.870	0.5492	-0.8046	0.9742
88.920	0.3505	-0.1454	0.3794
88.970	0.1926	0.3309	0.3829
89.020	0.0694	0.6704	0.6740
89.070	-0.0258	0.9127	0.9131
89.120	-0.1081	1.0842	1.0895
89.170	-0.1578	1.2083	1.2185
89.220	-0.2036	1.2947	1.3106
89.270	-0.2380	1.3550	1.3758
89.320	-0.2634	1.3964	1.4211
89.370	-0.2803	1.4244	1.4517
89.420	-0.2899	1.4425	1.4713
89.470	-0.2944	1.4534	1.4829
89.520	-0.2943	1.4591	1.4885
89.570	-0.1897	0.8403	0.8615
89.620	0.2625	-1.8684	1.8868
89.670	0.6067	-3.9178	3.9645
89.720	0.6084	-3.8988	3.9460
89.770	0.4748	-3.0642	3.1007
89.820	0.2788	-1.8497	1.8706
89.870	0.1304	-0.9183	0.9275
89.920	0.0195	-0.2299	0.2307
89.970	-0.0889	0.2654	0.2799
90.020	-0.2222	0.6105	0.6496
90.070	-0.3665	0.8494	0.9251
90.120	-0.5145	1.0126	1.1358
90.170	-0.6586	1.1223	1.3013
90.220	-0.7926	1.1942	1.4333
90.270	-0.9138	1.2394	1.5399
90.320	-1.0207	1.2659	1.6261
90.370	-1.1144	1.2789	1.6963
90.420	-1.1953	1.2827	1.7533
90.470	-1.2670	1.2794	1.8006
90.520	-1.3293	1.2715	1.8395
90.570	-1.3189	0.8885	1.5903
90.620	-1.0060	-1.0113	1.4264
90.670	-0.5900	-3.2516	3.3047
90.720	-0.4927	-3.8651	3.8964
90.770	-0.6200	-3.3558	3.4125
90.820	-0.8758	-2.1893	2.3580
90.870	-1.0677	-1.2466	1.6413
90.920	-1.1988	-0.5486	1.3184
90.970	-1.2957	-0.0418	1.2964
91.020	-1.3352	0.3286	1.3750
91.070	-1.3813	0.5902	1.5021
91.120	-1.4097	0.7783	1.6102
91.170	-1.4292	0.9122	1.6955
91.220	-1.4565	1.0036	1.7688
91.270	-1.4727	1.0680	1.8192
91.320	-1.4867	1.1110	1.8560
91.370	-1.4973	1.1389	1.8812
91.420	-1.5105	1.1543	1.9011
91.470	-1.5217	1.1618	1.9145
91.520	-1.5288	1.1638	1.9214
91.570	-1.4007	0.5667	1.5110
91.620	-0.7842	-1.9258	2.0794
91.670	-0.2334	-4.1030	4.1096
91.720	-0.2442	-4.1040	4.1113
91.770	-0.4595	-3.2954	3.3273
91.820	-0.7643	-2.1115	2.2456
91.870	-0.9873	-1.2026	1.5560
91.920	-1.1423	-0.5304	1.2594
91.970	-1.2525	-0.0425	1.2532
92.020	-1.3231	0.3098	1.3589
92.070	-1.3773	0.5611	1.4873
92.120	-1.4171	0.7404	1.5989
92.170	-1.4492	0.8670	1.6888
92.220	-1.4750	0.9552	1.7573
92.270	-1.4870	1.0182	1.8022
92.320	-1.5086	1.0571	1.8421
92.370	-1.5215	1.0828	1.8675
92.420	-1.5454	1.0937	1.8933
92.470	-1.5606	1.0987	1.9085
92.520	-1.5744	1.0978	1.9194
92.570	-1.4475	0.7344	1.6231
92.620	-0.8047	-1.1861	1.4333
92.670	0.0738	-4.0544	4.0551
92.720	0.7130	-5.2798	5.3277
92.770	0.7323	-4.9372	4.9912
92.820	0.4901	-3.8445	3.8756
92.870	0.1044	-2.4679	2.4701
92.920	-0.2197	-1.4186	1.4355
92.970	-0.4846	-0.6484	0.8095
93.020	-0.6984	-0.0935	0.7046
93.070	-0.7701	0.3296	0.8377
93.120	-0.9524	0.5900	1.1203
93.170	-1.1550	0.7523	1.3784
93.220	-1.2294	0.8904	1.5180
93.270	-1.2946	0.9840	1.6261
93.320	-1.3459	1.0476	1.7056
93.370	-1.3890	1.0886	1.7648
93.420	-1.4565	1.1025	1.8267
93.470	-1.4610	1.1242	1.8435
93.520	-1.4923	1.1269	1.8700
93.570	-1.5350	1.1180	1.8990
93.620	-1.5689	1.1068	1.9200
93.670	-1.5989	1.0927	1.9367
93.720	-1.6073	1.0835	1.9384
93.770	-1.6387	1.0637	1.9537
93.820	-1.6675	1.0431	1.9669
93.870	-1.5823	0.7710	1.7601
93.920	-1.1621	-0.4861	1.2597
93.970	-0.2442	-3.0343	3.0441
94.020	0.2995	-4.5194	4.5293
94.070	0.3300	-4.6126	4.6244
94.120	-0.0122	-3.6932	3.6932
94.170	-0.4678	-2.4461	2.4904
94.220	-0.8050	-1.4854	1.6895
94.270	-1.0436	-0.7722	1.2982
94.320	-1.2110	-0.2512	1.2368
94.370	-1.3279	0.1236	1.3336
94.420	-1.4111	0.3918	1.4645
94.470	-1.4716	0.5831	1.5829
94.520	-1.5166	0.7183	1.6781
94.570	-1.5492	0.8134	1.7497
94.620	-1.5678	0.8814	1.7986
94.670	-1.5917	0.9231	1.8400
94.720	-1.6161	0.9472	1.8732
94.770	-1.6341	0.9608	1.8956
94.820	-1.6517	0.9751	1.9180
94.870	-1.6651	0.9635	1.9238
94.920	-1.6772	0.9581	1.9315
94.970	-1.6883	0.9492	1.9369
95.020	-1.6825	0.9449	1.9297
95.070	-1.4152	0.4382	1.4815
95.120	-0.5556	-1.6404	1.7319
95.170	0.4895	-3.4425	3.4771
95.220	0.9047	-4.0945	4.1933
95.270	0.8181	-3.6054	3.6971
95.320	0.4173	-2.3959	2.4320
95.370	0.0898	-1.3707	1.3736
95.420	-0.1385	-0.6021	0.6178
95.470	-0.2572	-0.0183	0.2578
95.520	-0.4029	0.3752	0.5505
95.570	-0.4664	0.6743	0.8199
95.620	-0.5021	0.8929	1.0244
95.670	-0.5204	1.0525	1.1741
95.720	-0.5153	1.1738	1.2819
95.770	-0.5374	1.2487	1.3594
95.820	-0.3405	1.3894	1.4305
95.870	-0.2260	1.4763	1.4935
95.920	-0.1082	1.5507	1.5545
95.970	0.0050	1.6126	1.6126
96.020	0.1099	1.6633	1.6669
96.070	0.2038	1.7037	1.7158
96.120	0.4387	1.3770	1.4452
96.170	1.2983	-0.5412	1.4065
96.220	2.1874	-2.6344	3.4242
96.270	2.3824	-2.9805	3.8156
96.320	2.1505	-2.2504	3.1127
96.370	1.7617	-1.1476	2.1025
96.420	1.4586	-0.3068	1.4905
96.470	1.2242	0.3070	1.2621
96.520	1.0596	0.7533	1.3001
96.570	0.9336	1.0702	1.4201
96.620	0.8466	1.2984	1.5501
96.670	0.7800	1.4600	1.6553
96.720	0.7342	1.5751	1.7378
96.770	0.7025	1.6565	1.7993
96.820	0.6828	1.7136	1.8446
96.870	0.6737	1.7536	1.8785
96.920	0.8221	1.1664	1.4270
96.970	1.6388	-1.4329	2.1768
97.020	2.3893	-3.9666	4.6306
97.070	2.9262	-5.5793	6.3001
97.120	3.0704	-6.7482	7.4139
97.170	3.2904	-7.4944	8.1849
97.220	3.2836	-8.0467	8.6909
97.270	3.3170	-8.3892	9.0212
97.320	3.3217	-8.6014	9.2205
97.370	3.3057	-8.7183	9.3240
97.420	3.2741	-8.7662	9.3576
97.470	3.1959	-8.7751	9.3389
97.520	3.1879	-8.7191	9.2837
97.570	3.1305	-8.6512	9.2002
97.620	3.0686	-8.5634	9.0966
97.670	3.0057	-8.4607	8.9787
97.720	2.9447	-8.3466	8.8508
97.770	2.8868	-8.2242	8.7161
97.820	2.8421	-8.0923	8.5768
97.870	2.5751	-7.3683	7.8053
97.920	1.9400	-5.5943	5.9211
97.970	1.2495	-3.6519	3.8597
98.020	0.5860	-1.7402	1.8362
98.070	0.1066	-0.3749	0.3898
98.120	-0.2269	0.5579	0.6023
98.170	-0.4269	1.1900	1.2643
98.220	-0.2791	1.7131	1.7357
98.270	0.1974	2.1872	2.1960
98.320	0.8492	2.5987	2.7340
98.370	1.5861	2.9448	3.3448
98.420	2.3540	3.2271	3.9944
98.470	3.1228	3.4492	4.6528
98.520	3.8777	3.6150	5.3014
98.570	4.6115	3.7271	5.9294
98.620	4.9702	3.7409	6.2207
98.670	8.1472	3.9298	9.0454
98.720	8.6126	3.8163	9.4202
98.770	9.0370	3.6644	9.7517
98.820	9.2409	3.4800	9.8744
98.870	9.4711	3.2607	10.0167
98.920	10.1443	2.9660	10.5690
98.970	9.9386	2.7287	10.3064
99.020	10.3164	2.4065	10.5933
99.070	10.7449	2.0401	10.9369
99.120	11.1310	1.6413	11.2514
99.170	11.5121	1.2116	11.5757
99.220	11.8729	0.7560	11.8970
99.270	12.1861	0.2783	12.1892
99.320	12.2230	-0.1295	12.2237
99.370	12.6373	-0.7128	12.6574
99.420	12.8040	-1.2233	12.8623
99.470	12.9063	-1.7354	13.0224
99.520	12.9665	-2.2401	13.1586
99.570	13.0566	-2.7984	13.3531
99.620	13.0640	-3.3326	13.4823
99.670	13.0991	-3.9050	13.6688
99.720	12.9556	-4.3612	13.6699
99.770	12.7312	-4.7842	13.6004
99.820	12.7415	-5.3867	13.8333
99.870	12.4820	-5.8017	13.7645
99.920	12.4034	-6.3676	13.9424
99.970	12.2663	-6.9138	14.0806
100.020	12.0398	-7.4041	14.1343
100.070	11.8664	-7.9619	14.2899
100.120	11.5987	-8.4372	14.3428
100.170	11.3301	-8.9305	14.4266
100.220	11.0747	-9.4505	14.5588
100.270	10.7173	-9.8634	14.5653
100.320	10.3728	-10.3070	14.6229
100.370	10.0019	-10.7116	14.6552
100.420	9.5913	-11.0612	14.6405
100.470	9.1514	-11.3522	14.5815
100.520	8.7613	-11.7790	14.6801
100.570	8.3597	-12.2781	14.8538
100.620	7.8808	-12.5489	14.8183
100.670	7.4747	-13.0147	15.0085
100.720	6.9805	-13.2599	14.9850
100.770	6.5028	-13.5896	15.0653
100.820	6.0163	-13.9014	15.1475
100.870	5.4940	-14.1310	15.1614
100.920	4.9722	-14.4165	15.2498
100.970	4.4516	-14.3769	15.0503
101.020	3.9131	-14.5912	15.1068
101.070	3.6446	-11.6424	12.1995
101.120	3.2885	-11.2704	11.7403
101.170	2.9427	-11.2848	11.6622
101.220	2.7479	-9.1794	9.5819
101.270	2.5406	-8.6944	9.0580
101.320	2.4369	-6.8108	7.2336
101.370	2.3407	-5.7983	6.2530
101.420	2.2766	-4.7088	5.2303
101.470	2.2236	-3.8404	4.4377
101.520	2.1802	-3.0909	3.7825
101.570	2.1450	-2.4341	3.2444
101.620	2.1187	-1.7981	2.7789
101.670	2.0929	-1.3662	2.4993
101.720	2.0724	-0.9228	2.2686
101.770	2.0527	-0.5655	2.1292
101.820	2.0317	-0.4341	2.0776
101.870	2.0157	-0.0319	2.0160
101.920	1.9984	0.1143	2.0017
101.970	1.9817	0.1989	1.9917
102.020	1.9657	0.2401	1.9803
102.070	1.9499	0.2521	1.9661
102.120	1.9345	0.2474	1.9502
102.170	1.9197	0.3091	1.9445
102.220	1.9049	0.2020	1.9155
102.270	1.8907	0.2100	1.9023
102.320	1.8765	0.1690	1.8841
102.370	1.8628	0.1353	1.8677
102.420	1.8491	0.1548	1.8556
102.470	1.8357	0.1433	1.8413
102.520	1.8223	0.1279	1.8268
102.570	1.8090	0.1097	1.8124
102.620	1.7959	0.0897	1.7982
102.670	1.7830	0.0695	1.7843
102.720	1.7701	0.0515	1.7709
102.770	1.7574	0.0508	1.7582
102.820	1.7447	0.0191	1.7448
102.870	1.7321	0.0096	1.7321
102.920	1.7196	0.0034	1.7196
102.970	1.7073	-0.0088	1.7074
103.020	1.6951	-0.0115	1.6951
103.070	1.6829	0.0014	1.6829
103.120	1.6708	0.0006	1.6708
103.170	1.6588	-0.0013	1.6588
103.220	1.6470	-0.0037	1.6470
103.270	1.6351	-0.0064	1.6351
103.320	1.6223	-0.0093	1.6223
103.370	1.6099	-0.0061	1.6099
103.420	1.5980	-0.0128	1.5981
103.470	1.5870	-0.0130	1.5870
103.520	1.5758	-0.0124	1.5759
103.570	1.3403	-0.0103	1.3404
103.620	0.1822	-0.0056	0.1822
103.670	-2.6621	0.0020	2.6621
103.720	-4.3391	0.0126	4.3391
103.770	-4.3347	0.0127	4.3347
103.820	-3.3744	0.0099	3.3744
103.870	-2.0609	0.0074	2.0609
103.920	-1.0540	0.0021	1.0540
103.970	-0.3083	-0.0009	0.3083
104.020	0.2325	-0.0027	0.2325
104.070	0.6192	-0.0038	0.6192
104.120	0.8969	-0.0051	0.8970
104.170	1.0967	-0.0051	1.0967
104.220	1.2395	-0.0032	1.2395
104.270	1.3405	-0.0035	1.3405
104.320	1.4113	-0.0035	1.4113
104.370	1.4587	-0.0033	1.4587
104.420	1.4895	-0.0038	1.4895
104.470	1.5106	-0.0041	1.5106
104.520	1.5239	-0.0048	1.5239
104.570	1.5311	-0.0048	1.5312
104.620	1.5331	-0.0048	1.5331
104.670	1.5315	-0.0050	1.5315
104.720	1.1335	-0.0036	1.1335
104.770	-1.2489	0.0041	1.2489
104.820	-3.5312	0.0112	3.5312
104.870	-4.2605	0.0137	4.2605
104.920	-3.8841	0.0124	3.8841
104.970	-2.6046	0.0086	2.6046
105.020	-1.4659	0.0045	1.4659
105.070	-0.6181	0.0022	0.6181
105.120	0.0021	0.0002	0.0021
105.170	0.4501	-0.0008	0.4501
105.220	0.7708	-0.0018	0.7708
105.270	1.0017	-0.0025	1.0017
105.320	1.1665	-0.0030	1.1665
105.370	1.2838	-0.0039	1.2838
105.420	1.3666	-0.0045	1.3666
105.470	1.4225	-0.0051	1.4225
105.520	1.4596	-0.0049	1.4596
105.570	1.4853	-0.0049	1.4853
105.620	1.5020	-0.0049	1.5020
105.670	1.5121	-0.0054	1.5122
105.720	1.5161	-0.0050	1.5161
105.770	1.5161	-0.0050	1.5161
105.820	1.1212	-0.0038	1.1212
105.870	-1.0031	0.0030	1.0031
105.920	-3.3746	0.0100	3.3746
105.970	-5.0669	0.0155	5.0669
106.020	-6.0117	0.0186	6.0118
106.070	-5.7344	0.0181	5.7344
106.120	-4.3994	0.0137	4.3994
106.170	-2.8068	0.0090	2.8068
106.220	-1.5816	0.0050	1.5816
106.270	-0.6728	0.0022	0.6728
106.320	-0.0049	0.0004	0.0049
106.370	0.4727	-0.0005	0.4727
106.420	0.8147	-0.0015	0.8147
106.470	1.0575	-0.0024	1.0575
106.520	1.2304	-0.0030	1.2304
106.570	1.3530	-0.0038	1.3530
106.620	1.4371	-0.0044	1.4372
106.670	1.4947	-0.0053	1.4947
106.720	1.5352	-0.0052	1.5352
106.770	1.5623	-0.0052	1.5623
106.820	1.5799	-0.0055	1.5799
106.870	1.5891	-0.0055	1.5891
106.920	1.5926	-0.0050	1.5926
106.970	1.5922	-0.0049	1.5922
107.020	1.5850	-0.0053	1.5851
107.070	1.5788	-0.0053	1.5788
107.120	1.5713	-0.0051	1.5713
107.170	1.5644	-0.0051	1.5645
107.220	1.5562	-0.0051	1.5562
107.270	1.5467	-0.0052	1.5468
107.320	1.5369	-0.0051	1.5369
107.370	1.5253	-0.0047	1.5253
107.420	0.9402	-0.0032	0.9402
107.470	-1.5628	0.0048	1.5628
107.520	-3.8048	0.0115	3.8048
107.570	-3.9893	0.0122	3.9893
107.620	-3.8253	0.0119	3.8253
107.670	-2.7456	0.0088	2.7456
107.720	-1.5779	0.0050	1.5779
107.770	-0.7094	0.0022	0.7094
107.820	-0.0684	0.0005	0.0684
107.870	0.3933	-0.0003	0.3933
107.920	0.7252	-0.0014	0.7252
107.970	0.9625	-0.0020	0.9625
108.020	1.1321	-0.0026	1.1321
108.070	1.2514	-0.0033	1.2514
108.120	1.3368	-0.0041	1.3368
108.170	1.3965	-0.0042	1.3965
108.220	1.4380	-0.0052	1.4380
108.270	1.4655	-0.0050	1.4655
108.320	1.4827	-0.0050	1.4827
108.370	1.4926	-0.0053	1.4926
108.420	1.4970	-0.0056	1.4970
108.470	1.4973	-0.0051	1.4974
108.520	1.4949	-0.0049	1.4949
108.570	1.4903	-0.0049	1.4903
108.620	0.8562	-0.0030	0.8562
108.670	-1.8958	0.0061	1.8958
108.720	-4.5578	0.0148	4.5579
108.770	-6.2760	0.0204	6.2760
108.820	-6.9016	0.0217	6.9017
108.870	-6.0430	0.0190	6.0430
108.920	-4.6288	0.0146	4.6288
108.970	-2.9752	0.0090	2.9752
109.020	-1.7006	0.0053	1.7006
109.070	-0.7526	0.0020	0.7526
109.120	-0.0584	0.0000	0.0584
109.170	0.4381	-0.0013	0.4381
109.220	0.7912	-0.0024	0.7912
109.270	1.0430	-0.0032	1.0430
109.320	1.2223	-0.0038	1.2223
109.370	1.3497	-0.0047	1.3497
109.420	1.4391	-0.0045	1.4391
109.470	1.5005	-0.0047	1.5006
109.520	1.5409	-0.0051	1.5409
109.570	1.5689	-0.0052	1.5689
109.620	1.5857	-0.0048	1.5857
109.670	1.5962	-0.0048	1.5962
109.720	1.6003	-0.0050	1.6003
109.770	1.5998	-0.0054	1.5998
109.820	1.5944	-0.0053	1.5944
109.870	1.5889	-0.0048	1.5889
109.920	1.5817	-0.0049	1.5817
109.970	1.5744	-0.0049	1.5744
110.020	1.5658	-0.0046	1.5658
110.070	1.5564	-0.0046	1.5564
110.120	1.5441	-0.0050	1.5441
110.170	1.5336	-0.0049	1.5336
110.220	1.5231	-0.0048	1.5231
110.270	1.5133	-0.0047	1.5133
110.320	1.1113	-0.0035	1.1113
110.370	-1.2744	0.0035	1.2744
110.420	-3.5377	0.0107	3.5377
110.470	-3.8560	0.0118	3.8561
110.520	-3.0419	0.0092	3.0419
110.570	-1.8346	0.0053	1.8346
110.620	-0.9094	0.0029	0.9094
110.670	-0.2256	0.0007	0.2256
110.720	0.2704	-0.0010	0.2704
