Time(s)	CPU_Usage(%)
2.026	21.70
2.079	10.70
2.123	12.90
2.148	19.00
2.175	15.00
2.199	15.40
2.224	17.90
2.250	14.60
2.271	20.00
2.298	19.50
2.322	11.40
2.347	19.50
2.371	15.80
2.391	16.10
2.417	17.10
2.439	14.70
2.463	11.40
2.486	17.90
2.509	14.70
2.533	13.20
2.556	21.10
2.582	12.20
2.602	16.10
2.629	17.10
2.652	18.40
2.678	17.10
2.703	15.80
2.728	15.80
2.750	16.70
2.774	15.80
2.796	16.70
2.820	16.20
2.845	13.20
2.869	15.80
2.891	16.70
2.915	13.90
2.938	16.20
2.961	16.70
2.985	15.40
3.105	12.30
3.163	13.30
3.183	27.30
3.202	24.10
3.221	23.30
3.241	19.40
3.260	22.60
3.279	17.90
3.298	23.30
3.319	24.20
3.338	23.30
3.357	21.40
3.377	21.90
3.396	23.30
3.416	25.80
3.435	27.30
3.455	21.90
3.475	20.70
3.494	23.30
3.514	20.00
3.532	20.70
3.551	17.20
3.570	20.00
3.590	22.60
3.609	17.20
3.629	20.00
3.648	25.80
3.667	25.00
3.686	17.90
3.709	27.80
3.726	23.10
3.749	22.90
3.770	32.40
3.789	23.30
3.808	21.40
3.828	22.60
3.845	28.60
3.866	25.80
3.887	29.40
3.904	30.80
3.923	29.00
3.943	31.30
3.964	25.80
3.982	28.60
4.002	29.40
4.021	20.70
4.041	23.30
4.062	27.80
4.080	25.00
4.099	20.70
4.117	21.40
4.136	23.30
4.155	17.20
4.175	20.00
4.195	24.20
4.216	24.20
4.248	20.00
4.267	23.30
4.287	22.60
4.306	25.00
4.325	20.70
4.345	20.00
4.363	24.10
4.382	27.60
4.402	20.00
4.421	28.10
4.441	25.80
4.460	23.30
4.480	23.30
4.499	25.80
4.518	24.10
4.538	31.30
4.557	25.80
4.575	27.60
4.595	22.60
4.614	24.10
4.634	25.80
4.652	27.60
4.671	23.30
4.690	20.70
4.710	28.10
4.729	21.40
4.748	26.70
4.768	20.70
4.788	30.30
4.807	28.10
4.827	23.30
4.846	24.10
4.867	29.40
4.884	33.30
4.904	27.60
4.924	29.00
4.943	26.70
4.964	24.20
4.983	30.00
5.003	28.10
5.020	25.00
5.040	19.40
5.059	23.30
5.080	17.60
5.099	14.30
5.119	24.20
5.139	12.90
5.158	16.70
5.178	13.80
5.197	21.90
5.238	14.10
5.254	16.70
5.275	19.40
5.294	24.10
5.313	36.40
5.332	25.90
5.352	25.00
5.372	25.80
5.390	25.00
5.409	24.10
5.428	26.70
5.447	25.80
5.467	23.30
5.485	23.10
5.505	26.50
5.523	20.00
5.543	25.00
5.562	23.30
5.581	23.30
5.600	23.30
5.620	17.90
5.639	22.60
5.658	17.90
5.677	20.00
5.696	17.20
5.715	22.60
5.734	14.80
5.753	16.70
5.772	22.60
5.792	14.30
5.811	17.20
5.830	18.70
5.924	11.60
5.981	14.00
6.000	23.30
6.019	31.30
6.038	20.00
6.058	23.30
6.077	25.80
6.096	26.70
6.115	20.70
6.135	22.60
6.154	24.10
6.175	24.20
6.195	27.30
6.213	25.00
6.235	28.60
6.253	28.60
6.271	21.40
6.289	26.70
6.309	28.10
6.328	20.70
6.347	26.70
6.367	25.80
6.386	18.50
6.405	24.10
6.426	25.00
6.446	25.00
6.465	25.00
6.486	21.90
6.504	24.10
6.524	22.60
6.543	25.80
6.563	23.30
6.583	27.30
6.604	19.40
6.624	25.80
6.643	23.30
6.663	27.60
6.682	25.80
6.700	25.00
6.721	25.00
6.740	20.70
6.760	29.40
6.780	23.30
6.800	25.80
6.819	25.80
6.839	25.80
6.859	22.60
6.879	29.00
6.897	26.70
6.920	26.50
6.938	28.60
6.957	29.00
6.976	28.10
6.997	22.60
7.015	27.60
7.035	24.10
7.055	25.80
7.075	28.10
7.094	24.10
7.115	30.30
7.134	24.10
7.154	32.30
7.174	27.60
7.193	26.70
7.214	21.40
7.234	32.40
7.253	26.70
7.274	29.00
7.294	25.80
7.314	26.70
7.333	26.70
7.355	31.40
7.373	26.90
7.393	29.00
7.413	33.30
7.433	33.30
7.454	31.30
7.474	23.30
7.494	35.50
7.514	28.10
7.535	25.80
7.555	27.60
7.576	29.40
7.597	20.60
7.617	20.00
7.637	23.50
7.658	16.70
7.679	18.20
7.699	21.90
7.719	21.20
7.741	20.60
7.761	19.40
7.781	25.00
7.801	16.10
7.822	13.30
7.843	18.70
7.863	21.90
7.884	21.20
7.904	19.40
7.926	20.60
7.946	24.20
7.966	19.40
7.986	19.40
8.009	17.10
8.030	22.60
8.073	14.90
8.092	21.40
8.112	21.90
8.136	27.80
8.156	27.60
8.176	26.50
8.196	19.40
8.217	27.30
8.238	19.40
8.257	18.50
8.277	21.90
8.297	20.70
8.318	21.20
8.338	20.00
8.358	19.40
8.380	21.90
8.400	24.20
8.420	20.00
8.441	25.80
8.460	28.10
8.482	13.30
8.502	24.20
8.522	24.20
8.543	27.30
8.563	20.00
8.584	22.60
8.603	20.00
8.624	21.90
8.644	21.90
8.666	28.60
8.761	14.80
8.821	15.10
8.840	26.70
8.861	33.30
8.881	29.00
8.900	28.60
8.921	28.10
8.942	30.30
8.963	28.10
8.982	32.30
9.003	25.80
9.023	31.30
9.043	29.00
9.063	29.00
9.083	26.70
9.104	27.30
9.124	27.60
9.145	30.30
9.165	28.10
9.186	31.20
9.206	29.00
9.226	25.80
9.246	31.20
9.266	24.10
9.287	28.10
9.307	30.30
9.327	31.30
9.348	25.80
9.366	28.60
9.387	30.30
9.408	23.30
9.429	32.40
9.447	27.60
9.467	35.70
9.486	34.40
9.507	33.30
9.526	31.00
9.546	26.70
9.565	26.70
9.585	22.60
9.606	28.10
9.625	28.60
9.642	26.90
9.662	27.60
9.682	30.00
9.701	27.60
9.720	22.60
9.739	17.90
9.759	25.80
9.778	26.70
9.797	27.60
9.818	16.10
9.838	22.60
9.857	26.70
9.898	14.30
9.914	35.70
9.933	24.10
9.954	26.70
9.973	30.00
9.992	23.30
10.013	35.30
10.032	20.70
10.053	24.20
10.073	22.60
10.094	20.70
10.113	23.30
10.133	25.00
10.153	23.30
10.171	22.20
10.192	24.20
10.211	24.10
10.230	20.70
10.250	25.80
10.268	19.20
10.287	23.30
10.306	20.00
10.325	25.80
10.345	23.30
10.364	17.90
10.383	29.00
10.403	21.40
10.422	23.30
10.443	27.30
10.460	23.10
10.480	16.70
10.577	13.10
10.635	13.80
10.653	28.60
10.674	34.40
10.693	25.90
10.712	37.50
10.731	25.90
10.752	30.30
10.772	29.00
10.792	30.00
10.815	31.30
10.834	31.00
10.853	27.60
10.874	25.80
10.894	33.30
10.914	30.00
10.935	30.00
10.955	32.30
10.975	28.10
10.995	20.00
11.015	25.80
11.036	27.80
11.055	21.40
11.075	23.30
11.096	33.30
11.116	23.30
11.137	28.60
11.156	32.10
11.177	32.30
11.196	29.00
11.217	29.00
11.237	33.30
11.257	26.50
11.278	32.30
11.299	29.00
11.319	32.30
11.339	27.60
11.360	25.00
11.380	20.00
11.401	25.00
11.421	17.20
11.442	22.60
11.462	23.30
11.483	26.50
11.502	21.40
11.524	20.60
11.544	22.60
11.564	20.70
11.585	21.90
11.604	25.00
11.625	21.20
11.645	22.60
11.666	16.70
11.686	27.30
11.729	17.90
11.746	34.60
11.767	30.30
11.786	38.70
11.806	31.00
11.826	33.30
11.846	27.60
11.867	25.00
11.887	30.30
11.907	23.30
11.928	25.00
11.948	25.80
11.968	23.30
11.988	23.30
12.008	28.10
12.028	22.60
12.049	25.00
12.069	25.80
12.090	25.80
12.110	22.60
12.130	23.30
12.151	27.30
12.171	25.80
12.192	22.60
12.212	27.30
12.232	17.90
12.253	21.90
12.273	25.80
12.294	20.00
12.316	26.50
12.378	18.70
12.481	16.80
12.520	20.00
12.540	31.30
12.562	27.30
12.582	25.80
12.602	26.70
12.622	25.00
12.643	25.00
12.663	25.80
12.683	20.70
12.704	26.50
12.725	27.30
12.746	26.50
12.766	24.10
12.786	28.10
12.806	25.00
12.827	24.10
12.848	26.50
12.867	25.00
12.887	28.10
12.909	21.20
12.928	25.80
12.951	24.20
12.969	30.00
12.990	25.80
13.010	26.50
13.031	26.50
13.051	24.10
13.071	25.00
13.092	25.80
13.113	22.60
13.133	30.30
13.152	26.70
13.173	25.80
13.196	33.30
13.214	26.70
13.235	25.00
13.256	21.90
13.276	28.10
13.297	22.60
13.318	27.30
13.338	23.30
13.358	27.30
13.379	23.30
13.399	31.40
13.420	23.30
13.440	31.00
13.460	36.40
13.481	33.30
13.500	22.20
13.520	23.30
13.541	16.70
13.561	31.30
13.605	17.40
13.623	26.90
13.643	33.30
13.662	37.50
13.684	34.30
13.705	31.00
13.725	33.30
13.745	24.10
13.767	21.90
13.787	30.30
13.807	27.60
13.828	25.00
13.847	31.30
13.868	24.10
13.888	24.10
13.909	30.30
13.929	30.00
13.949	34.40
13.970	26.70
13.990	31.30
14.011	37.50
14.032	35.30
14.051	41.40
14.072	35.50
14.093	36.40
14.111	29.60
14.133	34.30
14.153	35.50
14.171	34.50
14.192	29.00
14.212	25.80
14.233	22.90
14.329	13.90
14.424	12.40
14.465	14.80
14.487	28.60
14.506	27.60
14.528	28.10
14.548	26.70
14.568	22.60
14.589	25.80
14.611	25.00
14.630	31.30
14.650	24.10
14.670	27.30
14.691	25.00
14.712	25.80
14.733	28.10
14.753	20.70
14.775	25.00
14.796	30.30
14.817	29.40
14.838	29.40
14.859	29.00
14.880	40.60
14.901	25.80
14.921	34.40
14.942	29.40
14.963	31.00
14.983	30.00
15.005	38.20
15.026	40.00
15.046	25.00
15.067	20.70
15.088	39.40
15.109	29.00
15.128	34.50
15.150	40.50
15.170	31.00
15.191	28.10
15.211	28.10
15.232	23.30
15.251	26.70
15.272	25.00
15.293	28.10
15.314	25.80
15.334	30.30
15.355	23.30
15.376	21.90
15.398	27.30
15.418	25.00
15.438	24.10
15.460	26.50
15.481	25.00
15.501	27.30
15.542	17.20
15.562	32.30
15.582	29.00
15.603	31.20
15.623	35.50
15.644	27.60
15.664	28.10
15.683	25.00
15.705	25.00
15.724	25.90
15.743	31.20
15.763	29.00
15.783	29.00
15.804	25.80
15.824	25.80
15.845	30.30
15.865	27.60
15.886	36.10
15.905	25.90
15.926	31.20
15.946	25.00
15.965	30.00
15.985	25.80
16.005	26.70
16.025	23.30
16.047	25.00
16.066	31.30
16.087	25.80
16.108	23.30
16.128	25.80
16.148	17.20
16.246	16.00
16.366	14.10
16.385	41.20
16.407	35.30
16.428	37.50
16.448	36.70
16.466	35.70
16.487	33.30
16.506	35.70
16.525	41.40
16.546	33.30
16.568	34.30
16.590	29.00
16.610	36.40
16.631	34.40
16.651	36.70
16.671	29.00
16.694	35.30
16.714	33.30
16.737	33.30
16.758	32.40
16.778	31.00
16.799	36.40
16.820	29.00
16.840	30.00
16.861	33.30
16.882	40.00
16.902	39.40
16.922	31.00
16.943	33.30
16.964	34.40
16.985	27.60
17.005	35.50
17.027	42.40
17.048	36.40
17.069	32.30
17.092	48.60
17.111	37.00
17.130	32.30
17.152	36.40
17.171	45.20
17.194	43.70
17.213	46.70
17.234	32.30
17.254	48.50
17.275	43.30
17.296	48.40
17.315	33.30
17.335	33.30
17.356	38.20
17.376	36.70
17.396	32.30
17.417	34.40
17.438	35.50
17.457	34.40
17.478	22.60
17.498	25.80
17.519	30.30
17.538	31.00
17.559	25.00
17.580	31.30
17.598	31.00
17.619	25.80
17.638	24.10
17.657	25.00
17.677	29.00
17.696	35.50
17.715	28.60
17.734	30.00
17.755	27.30
17.775	25.00
17.797	32.40
17.816	31.30
17.837	28.10
17.856	30.00
17.877	30.30
17.898	25.00
17.917	30.00
17.937	17.90
17.958	27.30
17.980	28.60
18.001	23.30
18.022	29.00
18.042	29.00
18.062	20.70
18.082	30.30
18.102	25.80
18.122	23.30
18.143	27.30
18.163	26.70
18.184	25.00
18.204	30.30
18.226	27.30
18.247	24.10
18.268	32.40
18.288	31.20
18.308	23.30
18.329	25.80
18.349	28.10
18.369	28.10
18.390	23.30
18.410	28.10
18.431	29.00
18.473	19.70
18.489	31.80
18.510	33.30
18.530	33.30
18.550	35.70
18.569	38.70
18.589	31.00
18.608	31.20
18.628	35.50
18.648	32.30
18.666	35.70
18.686	32.30
18.706	34.40
18.724	30.80
18.745	29.40
18.765	21.40
18.786	30.30
18.806	31.00
18.824	29.60
18.845	29.40
18.863	24.00
18.883	30.30
18.905	29.40
18.925	29.00
18.946	36.40
18.965	28.60
18.986	26.70
19.004	33.30
19.025	26.70
19.044	34.40
19.064	21.40
19.086	26.50
19.183	15.50
19.300	16.80
19.319	37.90
19.340	33.30
19.360	36.40
19.380	36.70
19.400	36.40
19.421	34.50
19.442	32.30
19.463	48.50
19.483	38.70
19.503	40.60
19.523	33.30
19.543	31.00
19.564	34.40
19.584	35.50
19.604	34.40
19.626	35.30
19.644	29.60
19.665	38.20
19.687	32.30
19.706	37.90
19.727	36.40
19.748	34.40
19.768	33.30
19.788	34.40
19.809	39.40
19.829	32.30
19.849	33.30
19.870	30.30
19.891	39.40
19.911	35.50
19.932	37.50
19.951	36.70
19.972	34.40
19.994	32.30
20.014	42.40
20.033	43.30
20.054	32.40
20.075	34.40
20.096	37.50
20.116	35.50
20.136	34.40
20.157	37.50
20.177	37.50
20.197	35.50
20.217	37.90
20.238	37.50
20.258	31.00
20.278	39.40
20.299	40.60
20.319	34.40
20.339	38.70
20.360	34.40
20.379	35.50
20.400	39.40
20.420	37.50
20.441	31.00
20.461	40.60
20.480	43.30
20.503	51.40
20.524	43.30
20.544	43.70
20.564	46.40
20.585	36.40
20.605	45.20
20.627	48.50
20.647	33.30
20.668	48.50
20.688	30.80
20.709	48.50
20.731	45.50
20.751	50.00
20.771	46.40
20.792	40.00
20.813	36.40
20.834	34.40
20.854	38.70
20.877	35.30
20.897	42.40
20.920	41.20
20.943	41.20
20.964	33.30
20.984	32.30
21.005	37.50
21.026	41.90
21.045	43.30
21.067	45.70
21.087	43.80
21.109	41.90
21.130	43.70
21.149	41.40
21.169	41.90
21.190	36.40
21.210	33.30
21.232	34.40
21.253	36.40
21.273	37.50
21.294	37.50
21.314	36.70
21.335	40.00
21.356	33.30
21.377	37.50
21.397	42.40
21.417	35.50
21.438	36.40
21.459	36.40
21.480	41.90
21.500	40.60
21.521	35.50
21.540	37.90
21.562	40.50
21.582	34.50
21.602	36.40
21.623	31.20
21.645	37.10
21.665	31.00
21.686	34.40
21.706	33.30
21.728	35.30
21.748	35.50
21.768	37.50
21.790	33.30
21.811	32.30
21.831	36.70
21.851	40.00
21.872	35.50
21.892	37.50
21.914	40.60
21.937	43.20
21.957	34.40
21.980	29.00
22.001	34.40
22.022	41.20
22.044	42.40
22.063	41.40
22.084	46.90
22.105	40.60
22.125	38.70
22.146	41.20
22.166	38.70
22.187	37.50
22.206	36.70
22.228	33.30
22.249	36.40
22.270	34.40
22.291	34.40
22.311	40.60
22.331	28.60
22.354	27.30
22.375	29.00
22.396	31.30
22.416	26.70
22.437	31.30
22.458	32.30
22.478	40.60
22.497	31.00
22.519	33.30
22.540	37.50
22.560	35.50
22.581	37.50
22.600	33.30
22.621	33.30
22.642	37.50
22.662	32.30
22.682	31.00
22.704	38.20
22.724	34.50
22.744	33.30
22.765	35.50
22.784	35.50
22.805	36.40
22.825	24.10
22.846	30.30
22.867	26.70
22.887	32.30
22.907	26.70
22.928	28.10
22.949	25.80
22.969	32.40
22.991	25.00
23.010	25.00
23.031	30.30
23.052	25.80
23.073	34.30
23.095	23.30
23.114	34.40
23.136	31.30
23.156	35.50
23.177	32.40
23.197	29.00
23.218	30.30
23.239	29.00
23.260	30.30
23.280	26.70
23.301	31.20
23.322	25.80
23.342	26.70
23.363	30.30
23.403	19.40
23.423	34.50
23.443	31.00
23.463	44.40
23.484	42.40
23.504	27.60
23.524	34.40
23.544	34.40
23.564	27.60
23.586	28.10
23.606	30.00
23.627	29.00
23.646	35.50
23.666	33.30
23.687	31.20
23.707	30.00
23.728	29.00
23.748	31.20
23.769	25.00
23.789	31.20
23.809	29.00
23.829	35.50
23.850	31.30
23.869	28.60
23.890	29.00
23.910	33.30
23.930	31.20
23.950	27.60
23.972	30.30
23.991	31.00
24.088	14.40
24.167	16.00
24.247	17.60
24.265	36.00
24.286	36.40
24.307	40.60
24.327	38.70
24.348	36.70
24.367	40.60
24.387	37.50
24.409	40.60
24.429	36.70
24.449	42.40
24.469	38.70
24.489	36.70
24.509	40.60
24.530	41.20
24.548	37.90
24.570	42.90
24.590	40.00
24.609	37.00
24.630	39.40
24.650	45.20
24.669	41.40
24.690	42.40
24.708	29.20
24.729	50.00
24.750	36.70
24.770	35.50
24.790	40.60
24.810	35.50
24.831	36.40
24.851	39.40
24.872	31.00
24.892	40.60
24.912	36.40
24.932	35.50
24.953	39.40
24.974	28.60
24.994	37.50
25.014	40.00
25.034	31.00
25.056	34.40
25.075	40.00
25.095	38.70
25.115	39.40
25.136	36.70
25.156	41.20
25.176	37.50
25.197	36.70
25.216	36.70
25.236	40.60
25.256	36.70
25.276	34.50
25.296	35.50
25.317	40.60
25.336	37.90
25.356	38.70
25.377	33.30
25.398	39.40
25.416	39.30
25.436	34.50
25.457	38.20
25.477	34.40
25.498	37.50
25.518	35.70
25.538	37.50
25.559	37.50
25.579	35.50
25.599	36.70
25.619	35.50
25.639	37.50
25.660	38.70
25.680	30.00
25.700	39.40
25.720	40.00
25.741	38.70
25.761	34.50
25.781	51.50
25.802	46.90
25.822	36.70
25.843	53.10
25.864	53.60
25.883	53.30
25.902	50.00
25.923	51.60
25.945	57.60
25.964	60.70
25.984	51.70
26.005	46.70
26.025	37.50
26.045	53.30
26.066	40.60
26.086	48.30
26.105	60.70
26.126	51.60
26.146	34.50
26.165	43.70
26.186	39.40
26.207	38.70
26.225	37.90
26.245	36.70
26.266	30.00
26.285	40.00
26.305	35.50
26.325	40.00
26.345	37.50
26.365	29.60
26.385	42.40
26.404	39.30
26.423	39.30
26.445	44.40
26.464	37.90
26.484	45.50
26.502	40.70
26.524	41.20
26.541	37.00
26.563	37.50
26.582	32.10
26.602	31.30
26.622	31.20
26.643	26.70
26.662	33.30
26.682	32.30
26.702	34.40
26.722	31.00
26.742	32.30
26.764	31.30
26.782	36.70
26.802	27.60
26.823	34.30
26.842	27.60
26.863	34.30
26.883	28.60
26.903	33.30
26.924	26.70
26.944	31.20
26.963	27.60
26.984	29.00
27.004	33.30
27.024	30.00
27.045	33.30
27.065	25.80
27.085	31.00
27.106	30.30
27.125	36.70
27.147	32.40
27.165	29.60
27.186	31.30
27.206	32.30
27.226	31.30
27.246	29.00
27.266	35.50
27.286	34.40
27.306	30.00
27.349	18.20
27.365	42.30
27.386	31.30
27.407	42.40
27.426	37.90
27.446	33.30
27.466	33.30
27.487	31.30
27.506	30.00
27.526	30.00
27.547	33.30
27.566	36.70
27.586	27.60
27.605	29.00
27.625	38.70
27.645	31.30
27.665	34.40
27.686	30.30
27.706	35.50
27.726	35.50
27.746	31.00
27.766	34.40
27.786	30.00
27.807	31.30
27.826	41.40
27.847	26.70
27.865	29.60
27.886	29.00
27.905	27.60
27.926	32.30
27.946	24.20
28.024	14.80
28.121	13.80
28.182	20.40
28.199	40.00
28.219	31.00
28.240	41.20
28.260	36.70
28.280	36.70
28.300	42.40
28.319	40.00
28.338	42.90
28.359	54.50
28.379	40.00
28.398	40.60
28.418	51.60
28.441	41.20
28.458	58.30
28.479	53.10
28.499	51.60
28.520	50.00
28.540	56.70
28.560	54.80
28.581	46.70
28.601	51.70
28.622	54.50
28.642	58.80
28.663	41.40
28.682	41.90
28.702	44.10
28.723	42.40
28.742	39.30
28.763	38.70
28.781	39.30
28.801	40.60
28.821	38.70
28.842	40.60
28.861	43.30
28.880	36.70
28.902	38.20
28.922	48.50
28.941	37.00
28.961	36.70
28.980	41.90
29.001	36.40
29.021	38.70
29.042	43.70
29.060	39.30
29.080	40.60
29.099	41.40
29.120	41.90
29.138	37.90
29.159	37.50
29.179	36.70
29.199	36.70
29.220	36.70
29.239	41.40
29.258	40.60
29.279	31.00
29.299	40.00
29.319	39.40
29.339	35.70
29.358	37.00
29.378	38.70
29.396	41.40
29.415	36.70
29.436	41.20
29.456	40.00
29.478	42.40
29.498	46.70
29.517	41.40
29.539	44.10
29.560	43.70
29.581	38.70
29.600	34.50
29.620	43.70
29.638	39.30
29.658	36.70
29.677	40.00
29.696	34.50
29.716	39.40
29.736	30.80
29.756	42.40
29.775	35.70
29.794	37.90
29.813	35.70
29.833	31.00
29.853	34.40
29.872	36.70
29.892	24.00
29.912	39.40
29.930	33.30
29.951	36.40
29.969	33.30
29.989	34.40
30.008	36.70
30.029	31.30
30.048	37.90
30.068	30.00
30.086	30.80
30.106	31.00
30.125	38.70
30.144	28.60
30.163	31.00
30.184	34.40
30.202	25.00
30.223	38.20
30.260	15.80
30.279	37.90
30.299	40.00
30.320	35.50
30.340	40.60
30.359	37.90
30.378	29.60
30.398	39.40
30.418	29.00
30.438	37.50
30.458	32.10
30.476	32.10
30.497	36.40
30.515	33.30
30.534	28.60
30.555	36.40
30.574	31.00
30.593	30.80
30.612	33.30
30.631	31.00
30.651	38.70
30.671	44.80
30.689	41.40
30.708	35.70
30.728	34.40
30.747	36.70
30.767	28.60
30.786	36.70
30.805	36.40
30.824	31.00
30.844	31.00
30.864	37.50
30.882	36.70
30.902	24.10
30.979	14.60
31.072	13.60
31.107	25.50
31.126	40.00
31.145	30.80
31.166	34.40
31.184	39.30
31.205	41.90
31.222	37.00
31.243	40.60
31.263	36.70
31.282	45.20
31.300	41.40
31.321	38.70
31.339	37.00
31.359	34.50
31.379	34.50
31.397	48.40
31.418	35.50
31.436	37.90
31.456	31.00
31.475	41.90
31.495	34.50
31.515	28.60
31.534	35.70
31.552	51.90
31.572	33.30
31.592	54.80
31.610	50.00
31.630	44.80
31.651	37.50
31.670	60.70
31.690	41.90
31.711	54.80
31.730	44.00
31.750	37.50
31.769	32.10
31.789	37.50
31.808	32.10
31.828	46.90
31.849	45.20
31.868	40.60
31.887	59.30
31.907	42.40
31.926	26.90
31.946	32.30
31.967	37.50
31.992	92.50
32.019	97.60
32.042	68.40
32.065	58.30
32.084	55.20
32.105	51.50
32.125	43.70
32.152	44.20
32.193	40.00
32.211	51.90
32.231	51.60
32.252	53.10
32.273	50.00
32.294	57.60
32.316	50.00
32.338	55.90
32.360	58.30
32.380	54.80
32.401	41.90
32.420	35.70
32.439	32.10
32.459	37.50
32.479	35.50
32.498	34.50
32.517	36.70
32.537	31.00
32.557	34.40
32.576	34.50
32.595	32.10
32.615	34.40
32.635	35.50
32.654	41.90
32.674	36.70
32.695	30.00
32.714	42.40
32.733	41.40
32.754	27.60
32.774	36.70
32.793	28.10
32.927	14.60
32.987	18.50
33.005	44.80
33.025	35.70
33.047	41.20
33.066	39.30
33.086	41.20
33.106	43.80
33.127	36.70
33.147	35.50
33.168	36.70
33.188	39.40
33.208	40.60
33.229	36.40
33.249	43.70
33.269	40.00
33.289	43.70
33.309	45.50
33.329	40.60
33.349	47.10
33.369	40.00
33.390	40.60
33.410	36.70
33.429	38.70
33.450	40.60
33.470	40.60
33.490	38.70
33.511	44.10
33.530	43.30
33.550	34.50
33.570	45.70
33.590	32.10
33.611	42.40
33.630	41.40
33.650	38.70
33.671	41.20
33.690	43.30
33.709	37.00
33.729	40.60
33.749	38.70
33.770	58.10
33.790	55.20
33.811	42.40
33.832	38.70
33.851	37.00
33.872	47.10
33.890	43.30
33.910	40.00
33.932	52.90
33.951	59.40
33.972	50.00
33.992	53.10
34.012	44.80
34.033	53.30
34.053	62.90
34.074	58.60
34.094	60.60
34.114	58.10
34.135	58.10
34.156	56.30
34.176	58.10
34.196	61.30
34.216	46.70
34.237	54.50
34.257	46.40
34.278	53.30
34.298	54.50
34.319	48.40
34.339	66.70
34.359	51.60
34.380	53.30
34.400	35.70
34.421	42.40
34.440	40.00
34.460	38.70
34.481	43.70
34.501	47.10
34.521	39.30
34.541	37.90
34.560	37.00
34.579	41.90
34.601	38.70
34.619	40.00
34.640	36.70
34.660	42.40
34.681	36.70
34.700	41.90
34.721	40.00
34.741	36.70
34.761	38.70
34.780	43.30
34.801	39.40
34.820	40.00
34.841	38.70
34.861	39.40
34.881	41.90
34.901	43.80
34.920	40.60
34.941	35.50
34.963	41.20
34.981	39.30
35.002	35.50
35.023	44.10
35.041	37.00
35.063	38.20
35.081	32.00
35.102	41.20
35.122	36.70
35.143	42.40
35.164	43.30
35.183	43.30
35.203	40.60
35.223	36.70
35.243	31.00
35.263	32.30
35.283	36.40
35.302	32.30
35.323	28.10
35.344	36.40
35.363	29.60
35.384	32.30
35.405	29.00
35.425	36.40
35.446	35.50
35.464	26.90
35.485	35.30
35.505	35.50
35.526	34.40
35.546	35.50
35.564	40.00
35.585	26.70
35.605	33.30
35.626	34.40
35.645	33.30
35.665	32.30
35.686	36.40
35.705	36.70
35.725	28.60
35.746	32.30
35.765	38.70
35.785	34.40
35.804	36.70
35.825	31.00
35.845	35.50
35.865	34.40
35.886	29.00
35.906	37.50
35.926	35.50
35.948	31.30
35.968	40.60
35.987	31.00
36.006	33.30
36.027	34.40
36.048	26.70
36.092	21.40
36.108	43.50
36.128	36.40
36.159	56.50
36.170	76.50
36.191	50.00
36.210	44.80
36.232	45.50
36.252	32.30
36.271	32.10
36.293	37.10
36.313	33.30
36.331	37.00
36.352	27.60
36.371	34.50
36.390	35.50
36.410	35.50
36.430	40.60
36.449	36.70
36.470	36.40
36.491	36.40
36.510	34.60
36.530	36.40
36.549	33.30
36.570	34.40
36.591	34.40
36.610	34.50
36.629	28.60
36.649	40.00
36.669	39.30
36.690	27.60
36.710	32.30
36.827	16.90
36.925	16.90
36.945	40.00
36.965	35.70
36.985	35.50
37.003	28.60
37.025	46.90
37.046	34.40
37.064	57.70
37.085	52.90
37.105	43.30
37.125	60.00
37.146	56.20
37.166	45.20
37.186	37.50
37.206	37.50
37.226	37.50
37.244	28.60
37.265	29.00
37.285	29.00
37.304	30.00
37.326	33.30
37.345	34.50
37.364	42.40
37.384	28.60
37.405	38.20
37.424	29.60
37.444	33.30
37.464	32.30
37.484	34.40
37.505	31.00
37.523	32.10
37.544	34.40
37.562	36.70
37.583	32.30
37.603	25.90
37.622	35.50
37.643	28.60
37.663	34.50
37.681	35.70
37.702	36.40
37.721	29.60
37.741	32.30
37.762	36.40
37.782	37.90
37.801	36.70
37.820	34.50
37.841	33.30
37.860	33.30
37.880	36.40
37.903	36.40
37.920	42.90
37.940	25.90
37.960	33.30
37.982	31.20
38.023	16.40
38.040	42.30
38.060	33.30
38.081	42.40
38.103	38.20
38.123	38.70
38.145	41.20
38.167	40.60
38.188	32.30
38.206	40.00
38.227	38.20
38.248	44.10
38.266	46.70
38.287	40.00
38.307	41.90
38.327	38.70
38.347	35.50
38.366	37.90
38.386	40.60
38.406	26.90
38.426	36.40
38.445	40.00
38.466	35.50
38.485	37.50
38.505	32.30
38.525	34.50
38.545	35.50
38.565	38.70
38.585	36.70
38.604	22.20
38.624	27.30
38.717	16.30
38.833	17.60
38.851	44.80
38.871	43.70
38.891	41.90
38.911	40.60
38.931	41.90
38.952	40.60
38.971	43.30
38.992	38.70
39.011	42.90
39.031	38.70
39.052	39.40
39.070	43.30
39.091	38.70
39.109	40.70
39.130	42.40
39.149	40.00
39.169	35.70
39.188	41.90
39.207	35.70
39.228	36.40
39.248	40.00
39.269	45.20
39.288	43.30
39.309	48.40
39.327	44.80
39.347	40.60
39.366	37.00
39.386	36.40
39.408	32.30
39.429	41.90
39.447	37.00
39.468	50.00
39.487	41.40
39.508	36.70
39.528	43.70
39.549	38.70
39.568	42.90
39.588	41.90
39.608	35.50
39.629	43.70
39.647	39.30
39.668	40.60
39.688	42.40
39.708	39.30
39.728	40.70
39.748	43.70
39.769	45.50
39.788	46.70
39.809	41.40
39.830	47.10
39.850	54.80
39.869	51.60
39.889	45.20
39.909	51.60
39.930	43.70
39.951	43.30
39.971	48.50
39.991	45.50
40.011	43.30
40.031	41.40
40.051	37.90
40.072	43.70
40.091	46.90
40.111	40.00
40.132	40.00
40.152	40.60
40.172	40.60
40.192	35.70
40.214	38.70
40.232	44.80
40.253	32.10
40.272	40.60
40.293	35.50
40.312	34.50
40.334	40.00
40.354	46.90
40.374	39.30
40.394	40.60
40.414	38.70
40.433	40.00
40.455	37.50
40.474	39.30
40.494	36.70
40.514	41.90
40.534	43.70
40.553	41.40
40.572	35.70
40.593	39.40
40.613	41.90
40.633	43.30
40.654	37.50
40.673	33.30
40.693	43.70
40.712	34.50
40.734	38.70
40.753	40.00
40.774	42.40
40.793	43.30
40.813	40.00
40.835	47.20
40.854	37.00
40.874	40.60
40.895	42.90
40.914	40.70
40.934	40.60
40.955	27.60
40.976	40.00
40.996	44.80
41.015	45.20
41.036	43.30
41.057	59.40
41.077	56.30
41.099	42.40
41.117	37.50
41.138	43.70
41.156	63.00
41.177	45.70
41.196	41.40
41.216	37.90
41.237	46.70
41.256	39.30
41.276	58.10
41.297	56.70
41.318	54.50
41.337	38.70
41.358	53.30
41.379	56.70
41.398	60.00
41.418	53.30
41.439	54.80
41.459	55.20
41.478	63.30
41.498	56.70
41.519	56.70
41.540	50.00
41.558	67.90
41.578	56.70
41.598	54.50
41.619	57.60
41.640	56.70
41.660	48.40
41.681	48.30
41.701	57.60
41.722	56.30
41.742	54.50
41.762	48.10
41.782	48.30
41.802	51.60
41.823	51.60
41.843	43.70
41.863	44.80
41.884	35.30
41.925	21.90
41.940	43.50
41.960	37.50
41.979	36.70
42.001	39.40
42.020	43.30
42.040	33.30
42.061	40.00
42.081	35.70
42.100	37.90
42.119	43.70
42.139	32.30
42.158	37.90
42.176	30.80
42.196	35.50
42.215	35.50
42.234	33.30
42.255	27.60
42.274	36.40
42.294	35.70
42.312	43.70
42.332	35.70
42.351	35.50
42.371	36.70
42.389	36.70
42.409	32.30
42.428	34.50
42.448	32.30
42.469	37.50
42.487	38.70
42.508	35.50
42.527	39.40
42.547	37.50
42.568	28.60
42.587	24.10
42.663	14.30
42.739	12.10
42.799	18.30
42.817	44.80
42.837	40.00
42.856	41.90
42.875	41.40
42.895	36.70
42.916	43.30
42.935	40.00
42.955	59.40
42.974	66.70
42.994	41.90
43.014	65.60
43.034	60.60
43.053	58.60
43.074	61.80
43.093	37.90
43.114	45.50
43.133	56.70
43.154	46.90
43.173	45.20
43.192	43.30
43.213	46.90
43.231	41.40
43.252	40.60
43.272	43.70
43.291	39.30
43.311	40.00
43.331	40.00
43.351	38.70
43.370	41.90
43.391	38.70
43.410	38.70
43.432	45.50
43.452	39.40
43.472	36.70
43.492	41.40
43.512	37.90
43.532	45.70
43.553	42.40
43.573	40.00
43.593	40.00
43.613	44.10
43.635	43.80
43.653	46.70
43.673	43.80
43.694	38.70
43.714	46.90
43.734	37.50
43.755	37.50
43.774	37.50
43.795	26.70
43.816	36.40
43.836	35.30
43.856	31.00
43.900	22.90
43.917	48.10
43.939	38.90
43.959	41.90
43.980	37.50
44.001	38.70
44.022	40.60
44.043	39.40
44.063	35.50
44.083	34.40
44.104	34.40
44.124	40.60
44.145	42.40
44.167	35.50
44.186	38.70
44.207	37.50
44.228	38.70
44.249	48.50
44.269	40.00
44.290	40.00
44.311	44.10
44.332	40.60
44.352	36.40
44.372	26.70
44.392	33.30
44.412	37.50
44.434	38.20
44.454	34.40
44.474	27.60
44.495	29.00
44.517	36.40
44.594	17.40
44.707	17.30
44.728	37.50
44.748	40.00
44.768	37.50
44.788	35.50
44.809	36.70
44.829	36.70
44.849	40.60
44.869	33.30
44.890	35.50
44.910	34.40
44.930	35.50
44.951	47.10
44.971	34.50
44.992	34.40
45.012	48.50
45.034	54.50
45.053	40.00
45.073	43.70
45.093	32.30
45.114	32.30
45.135	33.30
45.155	38.70
45.175	38.70
45.194	35.50
45.214	33.30
45.235	38.20
45.256	36.70
45.275	38.70
45.299	32.30
45.317	37.00
45.337	41.20
45.358	32.30
45.378	37.90
45.399	54.80
45.420	57.10
45.440	48.30
45.460	36.70
45.480	61.80
45.501	53.10
45.522	51.60
45.542	45.20
45.562	53.10
45.583	51.60
45.603	56.70
45.624	54.50
45.644	60.00
45.664	40.00
45.684	39.40
45.703	30.80
45.724	33.30
45.745	34.40
45.764	37.50
45.807	22.10
45.825	40.70
45.845	40.00
45.866	41.90
45.886	36.70
45.905	41.90
45.927	38.70
45.946	32.10
45.966	37.50
45.986	30.00
46.006	41.90
46.028	33.30
46.047	34.50
46.066	40.00
46.086	38.20
46.107	36.70
46.127	41.90
46.147	41.90
46.165	30.80
46.186	33.30
46.206	39.40
46.227	39.40
46.245	29.20
46.265	38.20
46.286	40.60
46.307	35.50
46.327	36.40
46.349	38.70
46.372	43.20
46.390	37.90
46.410	27.60
46.429	35.50
46.488	23.90
46.548	20.00
46.623	17.10
46.683	21.10
46.702	44.80
46.723	46.90
46.742	43.30
46.761	44.80
46.780	40.00
46.800	43.70
46.821	42.40
46.841	43.30
46.860	45.20
46.880	45.50
46.902	45.50
46.920	39.30
46.940	44.10
46.960	43.30
46.981	41.90
47.001	45.50
47.020	40.70
47.040	43.70
47.059	33.30
47.080	47.10
47.100	41.40
47.120	43.30
47.139	41.40
47.159	43.70
47.177	41.40
47.199	40.60
47.219	43.30
47.239	45.20
47.258	40.70
47.278	42.40
47.298	43.70
47.318	43.80
47.338	41.90
47.359	37.90
47.379	50.00
47.397	42.90
47.417	45.20
47.438	43.70
47.457	44.80
47.478	48.50
47.496	48.30
47.517	43.70
47.537	36.70
47.558	44.10
47.576	42.90
47.596	35.70
47.615	45.20
47.635	42.40
47.656	40.00
47.677	45.50
47.697	38.70
47.718	41.20
47.740	40.60
47.760	44.10
47.782	41.20
47.801	41.90
47.823	37.50
47.845	44.10
47.864	45.50
47.886	37.50
47.907	47.10
47.928	43.70
47.950	45.50
47.971	45.50
47.992	50.00
48.014	52.80
48.034	43.30
48.056	45.70
48.077	50.00
48.099	38.70
48.118	50.00
48.139	45.50
48.158	50.00
48.176	42.90
48.197	48.50
48.216	48.40
48.237	40.00
48.256	40.00
48.275	43.70
48.296	36.70
48.316	43.70
48.336	40.00
48.355	43.30
48.376	41.90
48.394	34.60
48.415	44.40
48.436	42.40
48.456	39.30
48.474	43.30
48.495	40.00
48.514	45.50
48.534	39.30
48.553	54.80
48.574	54.80
48.595	51.60
48.615	51.70
48.635	62.50
48.655	58.10
48.676	48.40
48.696	62.10
48.715	67.90
48.735	53.30
48.755	45.20
48.774	43.30
48.794	43.30
48.814	43.70
48.833	41.40
48.854	40.00
48.873	41.40
48.893	41.90
48.912	43.30
48.932	41.90
48.952	41.90
48.972	45.50
48.992	35.70
49.012	43.70
49.031	41.40
49.051	37.90
49.071	43.80
49.090	42.90
49.108	41.40
49.130	44.10
49.150	43.70
49.169	39.30
49.188	41.40
49.208	43.70
49.227	45.20
49.247	43.70
49.268	45.50
49.287	35.70
49.306	43.30
49.327	32.30
49.347	42.40
49.367	40.00
49.386	41.90
49.406	37.90
49.427	44.10
49.445	37.00
49.466	41.20
49.486	41.90
49.506	43.70
49.526	43.30
49.545	40.00
49.565	40.60
49.585	41.90
49.606	44.10
49.625	39.30
49.646	45.50
49.665	40.70
49.685	40.60
49.706	40.60
49.724	44.80
49.744	41.90
49.765	47.10
49.784	39.30
49.803	41.40
49.825	42.90
49.844	50.00
49.862	37.00
49.883	47.10
49.903	37.90
49.922	41.40
49.942	45.20
49.963	42.40
49.981	39.30
50.002	45.50
50.021	39.30
50.042	41.90
50.060	37.00
50.080	37.90
50.100	43.70
50.120	43.30
50.141	43.70
50.159	42.90
50.179	41.90
50.196	39.30
50.218	39.40
50.239	42.90
50.258	40.00
50.278	37.90
50.296	41.40
50.316	34.40
50.336	37.50
50.356	35.50
50.375	30.00
50.395	37.50
50.416	35.50
50.435	33.30
50.455	37.50
50.475	37.50
50.494	35.50
50.515	34.40
50.534	40.60
50.552	32.00
50.574	31.40
50.592	37.90
50.614	30.30
50.633	35.70
50.652	31.00
50.675	37.10
50.693	43.30
50.712	36.70
50.732	31.00
50.752	38.20
50.794	19.00
50.812	43.30
50.831	33.30
50.852	40.60
50.871	46.90
50.892	41.90
50.911	37.90
50.931	38.70
50.951	35.50
50.971	43.30
50.991	40.00
51.011	39.40
51.030	40.00
51.050	32.10
51.070	36.70
51.087	35.70
51.108	39.40
51.128	32.10
51.149	42.40
51.167	33.30
51.187	34.40
51.206	35.70
51.226	40.60
51.244	40.00
51.266	40.00
51.285	30.80
51.305	36.70
51.325	38.20
51.345	41.90
51.364	34.50
51.384	39.40
51.404	30.80
51.478	20.00
51.556	17.10
51.633	19.00
51.651	40.70
51.671	38.70
51.691	37.90
51.709	37.00
51.728	35.50
51.749	40.60
51.768	37.90
51.789	35.50
51.808	41.40
51.828	37.90
51.846	37.90
51.866	37.90
51.887	42.90
51.905	35.70
51.924	41.40
51.944	38.70
51.964	56.70
51.985	37.50
52.004	41.40
52.024	36.70
52.043	55.20
52.064	57.10
52.085	41.20
52.103	44.80
52.124	54.80
52.144	57.60
52.164	53.60
52.185	32.30
52.206	37.50
52.223	33.30
52.245	36.40
52.264	40.00
52.285	36.70
52.304	39.30
52.324	36.70
52.343	41.90
52.364	35.50
52.383	32.10
52.404	39.40
52.422	37.00
52.442	33.30
52.462	37.50
52.482	35.50
52.503	35.50
52.522	39.30
52.541	29.60
52.562	40.60
52.582	43.70
52.600	34.60
52.619	34.50
52.640	40.00
52.659	35.70
52.678	37.50
52.720	19.70
52.735	50.00
52.756	39.40
52.775	48.40
52.794	46.40
52.815	35.50
52.835	41.20
52.854	37.90
52.874	36.70
52.892	36.70
52.914	39.40
52.932	37.90
52.952	37.90
52.972	36.70
52.992	35.50
53.012	39.40
53.032	35.50
53.052	38.70
53.073	39.40
53.094	36.70
53.113	45.20
53.133	34.50
53.153	42.90
53.174	35.50
53.194	41.20
53.215	35.50
53.235	34.50
53.256	36.70
53.275	40.60
53.295	36.70
53.315	29.40
53.429	15.20
53.509	19.00
53.529	45.50
53.550	46.90
53.570	50.00
53.589	40.70
53.609	40.00
53.630	43.70
53.648	40.70
53.669	42.40
53.690	47.10
53.709	40.00
53.731	44.10
53.751	41.40
53.770	39.30
53.791	45.50
53.810	39.30
53.830	41.90
53.851	47.10
53.871	41.40
53.892	47.10
53.911	40.70
53.931	45.50
53.952	47.10
53.973	45.50
53.992	43.30
54.014	47.10
54.032	46.70
54.052	41.90
54.073	45.50
54.094	48.40
54.113	48.40
54.133	45.20
54.153	45.20
54.173	42.40
54.194	48.50
54.213	42.90
54.233	42.40
54.254	40.60
54.273	43.70
54.295	42.90
54.313	40.70
54.334	38.70
54.354	44.10
54.375	43.70
54.395	45.50
54.416	41.90
54.435	41.90
54.456	37.50
54.477	43.70
54.499	40.60
54.518	46.90
54.538	46.90
54.558	41.90
54.579	40.60
54.600	52.90
54.619	44.40
54.639	45.50
54.660	43.70
54.680	39.30
54.700	47.10
54.726	71.80
54.741	76.90
54.761	63.30
54.783	61.80
54.803	67.70
54.823	57.60
54.844	53.10
54.865	54.80
54.885	43.80
54.907	42.40
54.926	37.90
54.949	44.10
54.972	44.40
54.992	40.60
55.012	38.70
55.032	39.40
55.053	40.00
55.074	50.00
55.093	43.30
55.113	42.40
55.134	47.10
55.153	41.90
55.174	35.50
55.194	43.70
55.215	40.60
55.235	37.50
55.256	37.50
55.276	40.60
55.297	35.50
55.317	35.50
55.338	35.50
55.358	42.40
55.378	37.50
55.399	40.60
55.418	41.90
55.437	38.70
55.458	34.40
55.479	38.20
55.500	40.00
55.519	33.30
55.539	31.20
55.561	41.20
55.603	26.90
55.619	50.00
55.640	41.90
55.659	43.30
55.678	43.30
55.701	41.70
55.721	45.50
55.742	34.50
55.762	38.70
55.783	34.40
55.802	37.50
55.824	36.40
55.844	39.40
55.864	37.50
55.885	33.30
55.905	40.60
55.926	41.90
55.944	35.70
55.967	33.30
55.986	40.60
56.007	36.70
56.027	37.50
56.048	42.40
56.067	38.70
56.087	45.20
56.108	48.60
56.126	33.30
56.147	34.40
56.168	40.00
56.189	44.40
56.207	44.40
56.226	34.50
56.304	20.60
56.420	16.50
56.440	43.70
56.461	36.70
56.481	40.60
56.501	48.50
56.520	41.40
56.542	47.40
56.561	46.90
56.583	38.70
56.603	48.60
56.622	44.80
56.643	43.70
56.663	43.30
56.682	42.90
56.702	46.70
56.722	45.20
56.744	61.10
56.763	70.00
56.784	48.50
56.804	65.50
56.824	42.40
56.846	61.80
56.867	53.10
56.888	59.40
56.907	34.50
56.929	39.40
56.947	37.90
56.968	37.50
56.989	41.20
57.009	44.80
57.028	39.30
57.049	39.40
57.070	36.70
57.088	37.00
57.109	42.40
57.128	30.80
57.148	41.20
57.169	37.90
57.188	41.90
57.208	39.40
57.229	37.50
57.250	43.70
57.269	45.50
57.289	38.70
57.310	47.10
57.328	37.00
57.348	33.30
57.369	36.40
57.389	36.70
57.409	37.90
57.430	44.10
57.447	37.90
57.468	32.40
57.489	41.70
57.533	25.70
57.550	43.50
57.570	40.00
57.590	43.30
57.610	45.50
57.633	39.40
57.651	40.00
57.671	32.10
57.692	37.50
57.712	42.40
57.731	36.70
57.752	35.50
57.771	41.40
57.790	31.00
57.811	42.40
57.831	37.50
57.851	43.80
57.872	33.30
57.891	37.50
57.912	35.50
57.932	44.10
57.952	43.30
57.971	43.70
57.993	42.40
58.014	48.50
58.032	40.70
58.052	40.60
58.071	34.50
58.092	38.20
58.113	37.50
58.189	20.00
58.267	15.00
58.347	17.40
58.365	41.40
58.386	37.50
58.405	33.30
58.426	33.30
58.446	40.60
58.466	33.30
58.486	40.60
58.507	42.40
58.526	33.30
58.546	38.70
58.566	37.50
58.586	36.70
58.606	37.50
58.627	38.70
58.647	40.00
58.667	45.20
58.686	35.70
58.706	38.70
58.726	42.40
58.746	37.90
58.766	38.70
58.786	38.70
58.805	37.90
58.825	38.70
58.845	42.40
58.866	35.50
58.886	40.60
58.906	37.90
58.925	45.20
58.944	41.40
58.964	37.90
58.983	38.70
59.002	36.70
59.022	33.30
59.043	41.20
59.063	36.70
59.083	43.70
59.103	36.70
59.124	38.70
59.142	41.90
59.162	38.70
59.182	37.90
59.202	36.70
59.223	43.80
59.242	43.30
59.261	43.30
59.281	33.30
59.300	33.30
59.320	40.00
59.340	45.20
59.360	41.90
59.379	45.20
59.400	43.70
59.420	45.50
59.440	41.90
59.461	41.90
59.481	44.10
59.502	37.90
59.521	32.30
59.541	21.90
59.559	14.30
59.578	18.80
59.597	10.70
59.617	15.20
59.635	14.30
